"","H1-K25[me];K31[un]","H1-K25[un];K31[un]","H1.2-K33[ac];K45[un];K51[un]","H1.2-K33[un];K45[un];K51[un]","H1.5-K33[ac];K45[un];K51[un]","H1.5-K33[un];K45[un];K51[un]","H2A1A-K5[ac];K9[un]","H2A1A-K5[un];K9[un]","H2A1B-K13[un];K15[ac]","H2A1B-K13[un];K15[un]","H2AJ-K5[ac];K9[ac]","H2AJ-K5[ac];T6[ac];K9[un]","H2AJ-K5[un];K9[un]","H2AX-K5[un];K9[un]","H31-K18[ac];K23[ac]","H31-K18[ac];K23[un]","H31-K18[un];K23[ac]","H31-K18[un];K23[su]","H31-K18[un];K23[un]","H31-K27[me];K36[me2];K37[un]","H31-K27[me2];K36[me];K37[un]","H31-K27[un];K36[me2];K37[un]","H31-K4[me]","H31-K4[un]","H31-K79[me]","H31-K79[un]","H31-K9[ac];K14[ac]","H31-K9[ac];K14[un]","H31-K9[me];K14[ac]","H31-K9[me];K14[un]","H31-K9[me2];K14[ac]","H31-K9[me2];K14[un]","H31-K9[me3];K14[ac]","H31-K9[me3];K14[un]","H31-K9[un];K14[ac]","H31-K9[un];K14[ub]","H31-K9[un];K14[un]","H4-K5[ac];K8[ac];K12[ac];K16[ac]","H4-K5[ac];K8[ac];K12[ac];K16[un]","H4-K5[ac];K8[ac];K12[un];K16[ac]","H4-K5[ac];K8[ac];K12[un];K16[un]","H4-K5[ac];K8[un];K12[ac];K16[ac]","H4-K5[ac];K8[un];K12[ac];K16[un]","H4-K5[ac];K8[un];K12[un];K16[ac]","H4-K5[ac];K8[un];K12[un];K16[un]","H4-K5[un];K8[ac];K12[ac];K16[ac]","H4-K5[un];K8[ac];K12[ac];K16[un]","H4-K5[un];K8[ac];K12[un];K16[ac]","H4-K5[un];K8[ac];K12[un];K16[un]","H4-K5[un];K8[un];K12[ac];K16[ac]","H4-K5[un];K8[un];K12[ac];K16[un]","H4-K5[un];K8[un];K12[un];K16[ac]","H4-K5[un];K8[un];K12[un];K16[un]"
"H1-K25[me];K31[un]",1,-0.954753211847559,-0.292172801867027,0.308002882810931,0.159953836797966,-0.130057200267463,-0.39481975994131,0.390063853208325,-0.225551139945679,0.268576049919882,0.032676494885299,0.272750814667509,-0.0327067653759561,-0.271745484584375,-0.152185244543357,-0.158735171635365,0.0393682510069711,-0.219087905058772,0.191047544875439,0.0125172734120301,0.311716939615729,-0.162968965715237,-0.297547348721846,0.296715243092853,0.0931889455212591,-0.06167933185924,-0.156508623870722,-0.171297431526945,-0.0330209637853915,-0.0385119753621286,-0.0588600440760281,0.169194889092763,0.171336378513858,0.0857613617049733,-0.0976682591934307,-0.0967532002476061,-0.0956723657642278,-0.318570706185587,-0.130170859429628,-0.337172931124529,-0.114727680663936,-0.310970245267999,-0.0556918494280474,-0.29004485869117,0.0726053553405623,-0.304341687955776,0.0225772381125611,-0.211874116546789,-0.0135081029702003,-0.160685631512688,0.263429627085376,0.0606803406238734,0.20699991968663
"H1-K25[un];K31[un]",-0.954753211847559,1,0.331470662165749,-0.344989025751526,-0.170474759120404,0.156136552690939,0.54710309017664,-0.542987023942411,0.246938928662502,-0.285618302873276,-0.149545177941064,-0.379637768622079,0.149820947077733,0.379182175338771,0.232065549788766,0.194238323873138,-0.0320946353677445,0.256541418009258,-0.282777511311639,-0.0140702952566274,-0.288957863416049,0.164884371009014,0.390580686930785,-0.38839794678341,-0.0538600121176908,0.0322258025114024,0.206336013689041,0.205086934224006,0.0335578842214785,0.0823485087333403,0.0826150545795789,-0.181219402903513,-0.248066774463539,-0.182634389545229,0.142922686029968,0.125830983977545,0.124129528249045,0.45756692288536,0.211041852913351,0.46435618128186,0.110390532047627,0.421913234457711,0.143284812300106,0.40035387040769,-0.0287635047895043,0.428158727801086,-0.0584154906826221,0.33023895743674,0.0327561376973391,0.261915803888139,-0.304218161014274,-0.0175760311695337,-0.334757954901829
"H1.2-K33[ac];K45[un];K51[un]",-0.292172801867027,0.331470662165749,1,-0.981043805266483,-0.127270670944374,0.147178662367325,0.505621512470186,-0.494166958023688,-0.319558143709919,0.316341256531702,0.0508587759284692,-0.24772702703204,-0.0477487792910738,0.248150027706767,0.0290356047471931,-0.133161722146705,0.0714530088303062,0.570106180269376,-0.0617285721256954,-0.494652882739987,-0.523735126017473,0.621474501248227,0.591739506031834,-0.587128000033832,-0.174262000425501,0.130105922656328,0.326336660916159,0.328168489352011,0.194010878302149,-0.110480963345396,0.313155016595183,-0.472420622267436,-0.428719752089902,0.0742014627104062,0.197733108756233,0.158146674806929,0.221286554448493,0.454757754438836,0.0308534478931365,0.488230771797913,0.308078497737701,0.542678780056947,0.345346890790202,0.45996806014137,-0.202164527310455,0.575673143577689,0.13281636222856,0.410530233168627,0.0254809565744261,0.455934352062949,-0.392357293947078,-0.0164372091857849,-0.404376263204564
"H1.2-K33[un];K45[un];K51[un]",0.308002882810931,-0.344989025751526,-0.981043805266483,1,0.166445991666699,-0.185902912625966,-0.502725238654168,0.489550896678273,0.323537015064929,-0.31754824732104,-0.0869134455930447,0.244358986067115,0.085243711988924,-0.244034298103086,0.0260671272216893,0.143623913694608,-0.106254306618842,-0.587060953598388,0.0302970380712093,0.571773832851471,0.554527457523086,-0.687464298122196,-0.636425450747153,0.631939188787051,0.180914635860631,-0.134757559855739,-0.343228679957157,-0.368718142142739,-0.203228927998994,0.0992206080159791,-0.334306367544016,0.508471742211447,0.468729757196623,-0.0795229648679753,-0.204669332297671,-0.157376136707222,-0.248403594867572,-0.465026371670821,0.00637862030988691,-0.480472075413795,-0.321661969969743,-0.538548983749472,-0.323850012060143,-0.468494127572887,0.257167819068478,-0.580877588652097,-0.124372017650868,-0.40794643949899,-0.00593252614839754,-0.475233733307549,0.420334331364917,0.0114250341739971,0.401390215432436
"H1.5-K33[ac];K45[un];K51[un]",0.159953836797966,-0.170474759120404,-0.127270670944374,0.166445991666699,1,-0.97219677677595,-0.0732600929448358,0.0692393275160667,0.0297017282819686,-0.0280859013424879,0.00924645291932715,0.00810913820274345,-0.00738870357693598,-0.00907149999285979,-0.114007654487691,-0.152491068581746,0.0620241882448568,-0.0409537472544438,0.139858487835596,-0.0216602503030467,0.179890311462924,-0.0727046442485041,-0.133023379449421,0.130153798641915,0.00440860290387462,-0.0281029222662824,-0.0986754042122852,-0.120421877653181,0.00429611917770913,0.0385517841784285,-0.0631302205370439,0.249361539686782,0.127238705370901,0.133358439133576,-0.314384663207016,-0.0707635084985093,-0.23525569242705,-0.196168904070481,-0.0909473807209755,-0.0909807790297761,-0.0500747222458232,-0.10041812858679,-0.114274777304242,-0.0639936294590466,0.0243332341032442,-0.142322720872573,-0.0201387612004251,0.0144245923073806,0.00100764822799266,0.0053646452199009,0.0250257482734782,0.0403133641536771,0.0524214461893596
"H1.5-K33[un];K45[un];K51[un]",-0.130057200267463,0.156136552690939,0.147178662367325,-0.185902912625966,-0.97219677677595,1,0.0712489985263116,-0.0670114566150418,-0.0380740769648004,0.0363805975827005,-0.0423374222726659,-0.0528225489341986,0.0407427223116125,0.052841662940486,0.139902392492256,0.125781839643591,-0.107954003272313,0.0373068574442233,-0.122692162522802,0.0373024353185026,-0.181554162428563,0.0605839481508788,0.150309702944578,-0.146821057538553,0.0249264761622385,-0.000950599780855622,0.111195908823877,0.12929616862227,-0.0208901405879036,-0.0347558162160227,0.078403360949939,-0.197464405908618,-0.13054110293091,-0.157929996449297,0.244685709503683,0.0905817167097177,0.189396308969689,0.209954763564602,0.0955069510704085,0.0942336824330375,0.0382573052298249,0.102608150884872,0.148724532888173,0.068843190050274,-0.0385692489942006,0.155075738010724,0.0248480509887868,-0.0225607401795503,0.0134378552984608,-0.00741661189930437,-0.038141398129782,-0.03046637227209,-0.0570957077114715
"H2A1A-K5[ac];K9[un]",-0.39481975994131,0.54710309017664,0.505621512470186,-0.502725238654168,-0.0732600929448358,0.0712489985263116,1,-0.998020120733741,0.0179119924240076,-0.0149533490765106,-0.123944630405373,-0.502932467350799,0.124493607745962,0.502531538671897,0.18719375179279,0.163478942081952,0.171737960941168,0.452207291988337,-0.394830023565149,-0.209750843751431,-0.496499997273266,0.43524428565363,0.659237305529668,-0.64870184790337,-0.022194561096122,0.0174091980841804,0.357152021239124,0.307246406271975,0.156763971923866,0.0996008517236046,0.436879071953721,-0.484582329824516,-0.571445643822101,-0.274573232445335,0.360197277776911,0.111389059789975,0.308998382684839,0.833600740660873,0.273584021637953,0.847636878661049,0.270197348175205,0.831589304129473,0.318042185949746,0.752350416963432,0.0025800730701355,0.838487054012769,0.0628586449177659,0.7532221482598,0.0769851568312946,0.658150884624671,-0.434208346002629,0.10106585906069,-0.740219850633784
"H2A1A-K5[un];K9[un]",0.390063853208325,-0.542987023942411,-0.494166958023688,0.489550896678273,0.0692393275160667,-0.0670114566150418,-0.998020120733741,1,-0.0229727264439766,0.0201182374065149,0.125901424753006,0.503238166361146,-0.126431845166516,-0.502665381635879,-0.184022978161315,-0.156909970144994,-0.181582895698777,-0.435739705001684,0.396353313755532,0.199523608268656,0.493793354959322,-0.427879123656181,-0.637830146027412,0.627224389503379,0.0245670253534304,-0.0201482595089256,-0.36463772612881,-0.315308262378041,-0.160956580419166,-0.12272721424351,-0.435910862600774,0.479820964629517,0.571913632749171,0.287653298160707,-0.351637758085967,-0.107510981438584,-0.294185877808739,-0.837167962660558,-0.278699905463611,-0.84527265395118,-0.276351520318672,-0.824409082330517,-0.310520147257426,-0.750943198893856,-0.0188947427158944,-0.833990631976962,-0.0675995131284966,-0.744586693818436,-0.0861586271055486,-0.650855572290743,0.416916742042551,-0.0930603698362534,0.736160166890439
"H2A1B-K13[un];K15[ac]",-0.225551139945679,0.246938928662502,-0.319558143709919,0.323537015064929,0.0297017282819686,-0.0380740769648004,0.0179119924240076,-0.0229727264439766,1,-0.995136645986566,-0.34256074352472,-0.277187561235287,0.343480242740063,0.274419103274077,0.11373928452875,0.234861131910254,-0.107520637053933,-0.139976978691409,-0.0993070394802322,0.206055016247267,0.271485408218599,-0.280664998559396,-0.045314620951197,0.044121106178866,0.130017437269999,-0.0544738244190835,-0.0555803340933869,-0.108764665028046,-0.230650620268297,0.240988095519063,-0.23620800116584,0.278277832673922,0.131526635544976,-0.158308407134502,-0.134068975967015,-0.0788380855063938,-0.0311680706593739,-0.0289602639209646,0.121747215923409,0.00919811942686249,-0.122336210887488,-0.0656901715355905,0.0757457790954043,0.0141058086327795,0.172888158997182,-0.078471453373669,-0.244775912307089,-0.0445659987083956,0.0580940958746614,-0.103545813241753,-0.0083981588476044,0.20094288953103,-0.0511287511340429
"H2A1B-K13[un];K15[un]",0.268576049919882,-0.285618302873276,0.316341256531702,-0.31754824732104,-0.0280859013424879,0.0363805975827005,-0.0149533490765106,0.0201182374065149,-0.995136645986566,1,0.32787236014057,0.275309782444499,-0.328827693514318,-0.272786918052734,-0.103185618840652,-0.210016699382389,0.107198607165875,0.138860520253735,0.07917553117316,-0.19681489188044,-0.263007753764813,0.269732664026244,0.0477408559932817,-0.0466960961549319,-0.119131690445963,0.0465952951460435,0.0551988880941704,0.0994133695652561,0.227165598567742,-0.236653818864522,0.230050177480657,-0.278638110276232,-0.13870950733326,0.166382928372689,0.13733767926746,0.0842106708464153,0.0306471483083728,0.0294807025946359,-0.11031181975306,-0.0101421636121178,0.109419105412098,0.0674816631063439,-0.0688901788508451,-0.011295306817249,-0.152247106314166,0.0792824029031052,0.235377339170937,0.0482703455017059,-0.0653525182111128,0.109962276684774,0.00838400635922645,-0.181996135877644,0.0416280323198414
"H2AJ-K5[ac];K9[ac]",0.032676494885299,-0.149545177941064,0.0508587759284692,-0.0869134455930447,0.00924645291932715,-0.0423374222726659,-0.123944630405373,0.125901424753006,-0.34256074352472,0.32787236014057,1,0.446840511884743,-0.999754504982303,-0.441880086357967,-0.278706598457292,-0.196030707986782,0.0929248527809237,-0.173249566698536,0.273722373137468,-0.25498974392931,-0.20507657249595,0.275168712729324,0.0696520208854898,-0.0710681933512339,-0.247656127500218,0.202394570969244,-0.249647112337677,0.0736915362310556,0.130011968872258,-0.462968416378449,0.214966084913905,-0.173460302199907,0.0859692887056942,0.180644155803316,0.336564421742678,-0.220841418543584,0.24184706555293,-0.165649574398158,-0.484484345714789,-0.0128231320749674,0.248798712805167,-0.00114978518612419,-0.101297618993838,-0.117454664893921,-0.206783341904492,-0.0932547820156579,0.0739461183797828,-0.0639823177186346,-0.0269289956455293,0.0323324792027889,-0.0680077905315673,-0.2276267670925,0.176087747545714
"H2AJ-K5[ac];T6[ac];K9[un]",0.272750814667509,-0.379637768622079,-0.24772702703204,0.244358986067115,0.00810913820274345,-0.0528225489341986,-0.502932467350799,0.503238166361146,-0.277187561235287,0.275309782444499,0.446840511884743,1,-0.447781648495276,-0.999684868028149,-0.153948077404434,-0.300913108372744,0.0179363482645092,-0.409091240197846,0.269854036619223,0.0639081143171485,0.217597440688536,-0.182111528217137,-0.438283131672285,0.43480784796098,-0.0917341965221001,0.0736171543037595,-0.316716653415664,-0.247103392750486,0.0548669207541357,-0.192204219951415,-0.0786946977938089,0.0707932246100133,0.327600954185181,0.0843047070453252,0.116359465844673,-0.167383991158642,0.0157403016921888,-0.490147046075436,-0.239700538077525,-0.477109323179396,-0.129360434261608,-0.405186859753397,-0.253859909579356,-0.414573342512159,-0.0819684611237004,-0.499635982368216,0.0234808425794307,-0.403012309609089,-0.17024480689426,-0.428617452056813,0.282195857426506,-0.27677759144224,0.507779281545596
"H2AJ-K5[un];K9[un]",-0.0327067653759561,0.149820947077733,-0.0477487792910738,0.085243711988924,-0.00738870357693598,0.0407427223116125,0.124493607745962,-0.126431845166516,0.343480242740063,-0.328827693514318,-0.999754504982303,-0.447781648495276,1,0.443097767500032,0.277273096193748,0.194349053442028,-0.0946439445178189,0.173066437084316,-0.269835418438734,0.256726540553094,0.204990311581617,-0.276150650366093,-0.0659969297536076,0.0673567393929997,0.24802710797457,-0.202788317377578,0.246334792998741,-0.0744136861883889,-0.1319486201254,0.45760858430039,-0.216411766782053,0.177757505533061,-0.0843530402960109,-0.179094471361826,-0.336419198548136,0.219649502950837,-0.239598160366838,0.164790106782994,0.481557544960236,0.0142710545939376,-0.247416726557083,0.00115470497802575,0.0998652294755991,0.114412344296406,0.206666676376543,0.0934979713332071,-0.0720163984605446,0.0631774817112304,0.0228589502237534,-0.0355017404819996,0.0630433146436352,0.226947464412869,-0.174077685087421
"H2AX-K5[un];K9[un]",-0.271745484584375,0.379182175338771,0.248150027706767,-0.244034298103086,-0.00907149999285979,0.052841662940486,0.502531538671897,-0.502665381635879,0.274419103274077,-0.272786918052734,-0.441880086357967,-0.999684868028149,0.443097767500032,1,0.155831517664527,0.300680779672814,-0.0210944476566808,0.407295056787512,-0.269300726005678,-0.0631360977339344,-0.217910532341619,0.182574526372725,0.442893559682644,-0.439419090626476,0.0975882349138733,-0.079729989116648,0.316082027218807,0.250760794494809,-0.0568365974984585,0.187451381824404,0.0779891820838426,-0.071479414130286,-0.328200103110074,-0.0856005707368091,-0.113505654107792,0.172641180358575,-0.0134241185054634,0.490183085064679,0.239073384177111,0.480219699669874,0.1322850022207,0.408675441010963,0.254557286403824,0.414306723637844,0.0842524387211824,0.501297119824995,-0.0232751655255357,0.406188293268057,0.170626222549446,0.429867171242642,-0.284858178385628,0.272873419739638,-0.507876482083275
"H31-K18[ac];K23[ac]",-0.152185244543357,0.232065549788766,0.0290356047471931,0.0260671272216893,-0.114007654487691,0.139902392492256,0.18719375179279,-0.184022978161315,0.11373928452875,-0.103185618840652,-0.278706598457292,-0.153948077404434,0.277273096193748,0.155831517664527,1,0.280934375284936,-0.57124885920927,-0.159666613340918,-0.710140720709508,0.346033663065173,0.208578481266233,-0.30744737867871,0.106988859139733,-0.101037666168437,0.417091892360299,-0.37366560764645,0.219684747859128,0.229349081076938,0.0258174149001435,0.215385635340696,-0.0494741664673017,0.0746325212075258,-0.212276873892406,-0.446996408767989,0.0849890103085691,0.173156566490903,-0.052072148723553,0.219585871375459,0.236579765841493,0.220635308786301,-0.211546891988409,0.278160446677363,0.182121083545098,0.313690109659063,0.465625963685429,0.17250216872141,-0.0848573772122601,0.275010667876212,0.307730136235427,0.18427743094369,0.279717257003975,-0.229698672789168,-0.203438830341001
"H31-K18[ac];K23[un]",-0.158735171635365,0.194238323873138,-0.133161722146705,0.143623913694608,-0.152491068581746,0.125781839643591,0.163478942081952,-0.156909970144994,0.234861131910254,-0.210016699382389,-0.196030707986782,-0.300913108372744,0.194349053442028,0.300680779672814,0.280934375284936,1,-0.237558565540141,-0.0684370607869556,-0.490116857055465,0.149314127567094,0.0240768562724657,-0.0796856043392792,0.0868302071539071,-0.0850387273547754,0.0935578500170179,-0.0571962268842687,0.0122930221402899,-0.158483180717589,-0.208166287639319,0.171655335624641,-0.207953278124715,0.056824362984584,-0.0567107090220496,-0.108618958853149,0.113505990426643,0.0202433615255295,0.18326357455608,0.0453492787419105,0.20807701070977,0.0875260074721671,-0.291180221039423,0.0727621999770724,0.239159548655101,0.0953870806334576,0.247984477468098,0.125315314175323,-0.326865363367795,0.175298605950046,0.111222539158925,0.0613180630623346,-0.00227251907211144,0.149100621167417,-0.170133725984978
"H31-K18[un];K23[ac]",0.0393682510069711,-0.0320946353677445,0.0714530088303062,-0.106254306618842,0.0620241882448568,-0.107954003272313,0.171737960941168,-0.181582895698777,-0.107520637053933,0.107198607165875,0.0929248527809237,0.0179363482645092,-0.0946439445178189,-0.0210944476566808,-0.57124885920927,-0.237558565540141,1,0.344679408518744,-0.0828281683685566,-0.360522341968622,-0.321713279183209,0.398902122996751,0.0616537661939377,-0.060563909574234,-0.364593101751002,0.345391171383801,0.421508177359824,0.332108152886268,0.304169441209935,-0.0817624861048766,0.397386263140037,-0.504112457417936,-0.323257546595349,-0.113442323135662,0.279950577732889,0.129406648622464,0.0395845529577306,0.240433489376375,0.0898693885541351,0.258522821069439,0.419943599216167,0.228042984221359,0.101341495292144,0.328280656230552,-0.100731111710469,0.204909639429854,0.481846053723503,0.228117661295171,0.176388890829465,0.3193330680139,0.0657671522986394,0.144330139460413,-0.332092495329619
"H31-K18[un];K23[su]",-0.219087905058772,0.256541418009258,0.570106180269376,-0.587060953598388,-0.0409537472544438,0.0373068574442233,0.452207291988337,-0.435739705001684,-0.139976978691409,0.138860520253735,-0.173249566698536,-0.409091240197846,0.173066437084316,0.407295056787512,-0.159666613340918,-0.0684370607869556,0.344679408518744,1,-0.0951950163091352,-0.393632358662897,-0.46583844789266,0.511834242624581,0.339724735591965,-0.331731022864548,-0.0750702211467514,0.0271890125645791,0.379257301132189,0.360651387472002,0.400542163043531,-0.00672770829351049,0.3560158599567,-0.481761438094804,-0.452777352679638,-0.0210886093666936,0.166029518463843,0.0812985275518605,0.142125458340082,0.556827964747947,0.260258646409551,0.510474594839384,0.300108958803824,0.463311482084798,0.183242548193823,0.469509749051611,-0.145592108813311,0.563382724428123,0.158897098177772,0.378215423337272,0.0304308595487725,0.503573713277787,-0.288854909620192,0.124262272626715,-0.479692439534665
"H31-K18[un];K23[un]",0.191047544875439,-0.282777511311639,-0.0617285721256954,0.0302970380712093,0.139858487835596,-0.122692162522802,-0.394830023565149,0.396353313755532,-0.0993070394802322,0.07917553117316,0.273722373137468,0.269854036619223,-0.269835418438734,-0.269300726005678,-0.710140720709508,-0.490116857055465,-0.0828281683685566,-0.0951950163091352,1,-0.111892436860667,0.0576506026100725,0.00583212200351085,-0.210944450416346,0.202400023917289,-0.174240767601787,0.132521119450473,-0.589107448569493,-0.463769956906786,-0.194709022429399,-0.229263102086128,-0.191427227818842,0.319793024558166,0.518505951456479,0.587033386632878,-0.353759042721092,-0.295212378291187,-0.0517372014861324,-0.44389445421181,-0.394989608703789,-0.477562649943711,-0.0137851293578378,-0.519113038695458,-0.36466223240708,-0.641545001342473,-0.501066983377519,-0.409730545926194,-0.18676379218576,-0.545440884108475,-0.524689024818277,-0.485789648774184,-0.343571670327534,0.105224375196845,0.540541434265323
"H31-K27[me];K36[me2];K37[un]",0.0125172734120301,-0.0140702952566274,-0.494652882739987,0.571773832851471,-0.0216602503030467,0.0373024353185026,-0.209750843751431,0.199523608268656,0.206055016247267,-0.19681489188044,-0.25498974392931,0.0639081143171485,0.256726540553094,-0.0631360977339344,0.346033663065173,0.149314127567094,-0.360522341968622,-0.393632358662897,-0.111892436860667,1,0.273192537822701,-0.849480473006161,-0.411323277304644,0.406383633094588,0.149446254925492,-0.135695963913983,-0.224598410592953,-0.26322630091649,-0.230223974439966,0.014046418007238,-0.388565499134652,0.496271596978165,0.392741878020118,-0.0819666146265771,-0.167391222915181,-0.0609627454509349,-0.198257239547115,-0.227477306123363,0.245706727478206,-0.280189793052439,-0.296622508943546,-0.315314915003473,-0.0788839945109894,-0.288419599138089,0.39951249876031,-0.338217660804855,-0.0865655570741704,-0.265456842198264,0.000465070511966912,-0.397685255776877,0.337397201466299,-0.158984744256711,0.283887318258698
"H31-K27[me2];K36[me];K37[un]",0.311716939615729,-0.288957863416049,-0.523735126017473,0.554527457523086,0.179890311462924,-0.181554162428563,-0.496499997273266,0.493793354959322,0.271485408218599,-0.263007753764813,-0.20507657249595,0.217597440688536,0.204990311581617,-0.217910532341619,0.208578481266233,0.0240768562724657,-0.321713279183209,-0.46583844789266,0.0576506026100725,0.273192537822701,1,-0.721191409565464,-0.498781326044642,0.492515857281987,0.307390198959423,-0.252741028039186,-0.284091153019267,-0.314710624580806,-0.0994359975658922,0.105034569904986,-0.429945421204569,0.505700462421991,0.436052343347713,-0.106229525714025,-0.189096655342541,-0.139441044635449,-0.201343016791548,-0.489010614625756,0.00185194785338463,-0.454951818381247,-0.414596034130947,-0.47430087872945,-0.232302408620673,-0.374813469989422,0.316749095878901,-0.556470198923017,-0.127938342066915,-0.363712635439617,-0.0284122403740451,-0.393497560529215,0.352171734440416,0.0325970853695057,0.352979348576839
"H31-K27[un];K36[me2];K37[un]",-0.162968965715237,0.164884371009014,0.621474501248227,-0.687464298122196,-0.0727046442485041,0.0605839481508788,0.43524428565363,-0.427879123656181,-0.280664998559396,0.269732664026244,0.275168712729324,-0.182111528217137,-0.276150650366093,0.182574526372725,-0.30744737867871,-0.0796856043392792,0.398902122996751,0.511834242624581,0.00583212200351085,-0.849480473006161,-0.721191409565464,1,0.576103266497235,-0.568933277763392,-0.240597313680156,0.205912543711626,0.335703961644726,0.378940191528635,0.204656235441049,-0.0266623334361148,0.494910097562225,-0.6208377383577,-0.542829318787224,0.0779515975758725,0.226479564242884,0.144848651580122,0.247579591458395,0.443506790573001,-0.14414767270378,0.46552051200806,0.433742240023079,0.506224704379603,0.207534775290997,0.424990291121613,-0.409591874752838,0.567305729324315,0.116027603168116,0.414521770882674,0.0497866613756247,0.516717905191284,-0.410995088134672,0.0880582593784626,-0.417397867368984
"H31-K4[me]",-0.297547348721846,0.390580686930785,0.591739506031834,-0.636425450747153,-0.133023379449421,0.150309702944578,0.659237305529668,-0.637830146027412,-0.045314620951197,0.0477408559932817,0.0696520208854898,-0.438283131672285,-0.0659969297536076,0.442893559682644,0.106988859139733,0.0868302071539071,0.0616537661939377,0.339724735591965,-0.210944450416346,-0.411323277304644,-0.498781326044642,0.576103266497235,1,-0.999145706384902,-0.0254384601384192,0.0214458279642657,0.342548732260923,0.412757491817664,-0.0157120456892538,-0.206027250126418,0.276296229735748,-0.415601799574465,-0.529968043559012,0.0176351860398035,0.214873091293922,0.31946771347314,0.349829507806028,0.572950332036551,-0.123538156331128,0.667631950141888,0.342875328342034,0.725630438981554,0.400932589051014,0.599336806185988,-0.16963439773698,0.715145700506435,0.151478577599163,0.620358369205954,0.053896452425574,0.623829128051328,-0.532499848317456,0.160228584159481,-0.608504883049334
"H31-K4[un]",0.296715243092853,-0.38839794678341,-0.587128000033832,0.631939188787051,0.130153798641915,-0.146821057538553,-0.64870184790337,0.627224389503379,0.044121106178866,-0.0466960961549319,-0.0710681933512339,0.43480784796098,0.0673567393929997,-0.439419090626476,-0.101037666168437,-0.0850387273547754,-0.060563909574234,-0.331731022864548,0.202400023917289,0.406383633094588,0.492515857281987,-0.568933277763392,-0.999145706384902,1,0.0250254196546054,-0.0218747004586508,-0.33241059661923,-0.403665683931423,0.0239623274254699,0.215221353298806,-0.260567721093905,0.413400395870153,0.524350633655293,-0.0221481239249566,-0.216002408789564,-0.336173079549643,-0.355500285000518,-0.559135958384781,0.129150342881034,-0.652949767421211,-0.339152141494399,-0.71423970474116,-0.406202895339352,-0.58623196245111,0.166859579629653,-0.70169443797543,-0.149529644726907,-0.604030408424154,-0.0444515194467993,-0.612497828195671,0.530552553800709,-0.157603419345094,0.594811137577379
"H31-K79[me]",0.0931889455212591,-0.0538600121176908,-0.174262000425501,0.180914635860631,0.00440860290387462,0.0249264761622385,-0.022194561096122,0.0245670253534304,0.130017437269999,-0.119131690445963,-0.247656127500218,-0.0917341965221001,0.24802710797457,0.0975882349138733,0.417091892360299,0.0935578500170179,-0.364593101751002,-0.0750702211467514,-0.174240767601787,0.149446254925492,0.307390198959423,-0.240597313680156,-0.0254384601384192,0.0250254196546054,1,-0.98509527328148,0.0382298184492102,0.0038378408016173,-0.0402548846749654,0.1440024530269,-0.106334866484852,0.129211891205439,-0.0831674242435512,-0.168679201568537,-0.177020189166244,0.302951797716057,-0.145079585572542,0.0672603124879207,0.202629491116737,0.0333749768557427,-0.187034265936858,0.0623046932786869,0.0378253017205108,0.059765904461725,0.27070380715724,0.0386734769785493,-0.12340700273698,0.128125845235809,0.0723590780484645,0.106891912498107,0.137502557295288,-0.10001831658711,-0.06610059208641
"H31-K79[un]",-0.06167933185924,0.0322258025114024,0.130105922656328,-0.134757559855739,-0.0281029222662824,-0.000950599780855622,0.0174091980841804,-0.0201482595089256,-0.0544738244190835,0.0465952951460435,0.202394570969244,0.0736171543037595,-0.202788317377578,-0.079729989116648,-0.37366560764645,-0.0571962268842687,0.345391171383801,0.0271890125645791,0.132521119450473,-0.135695963913983,-0.252741028039186,0.205912543711626,0.0214458279642657,-0.0218747004586508,-0.98509527328148,1,-0.032100697639771,-0.0116781710930035,-0.00409007239349021,-0.110155110316565,0.0716544095321575,-0.10364801201208,0.0684722222889833,0.129995437627758,0.191895945210154,-0.299539265746921,0.170952933805564,-0.0707623907208411,-0.190858196784962,-0.0344028104676233,0.130703082228942,-0.0650232803736126,0.0102053434811969,-0.0500333822386369,-0.22709501472662,-0.0526259188891124,0.0913542577339551,-0.122830025132908,-0.0665656726074747,-0.108522730969643,-0.108834842979664,0.140604874071716,0.0449742294059245
"H31-K9[ac];K14[ac]",-0.156508623870722,0.206336013689041,0.326336660916159,-0.343228679957157,-0.0986754042122852,0.111195908823877,0.357152021239124,-0.36463772612881,-0.0555803340933869,0.0551988880941704,-0.249647112337677,-0.316716653415664,0.246334792998741,0.316082027218807,0.219684747859128,0.0122930221402899,0.421508177359824,0.379257301132189,-0.589107448569493,-0.224598410592953,-0.284091153019267,0.335703961644726,0.342548732260923,-0.33241059661923,0.0382298184492102,-0.032100697639771,1,0.805410166860989,0.204599087256864,0.255197519139296,0.209036284708211,-0.56676641587234,-0.720321882828308,-0.44776207367921,0.279198795522445,0.471031778935486,0.0778181273800789,0.559307260965006,0.338622985131577,0.523007360227995,0.295201875868918,0.602745271354602,0.405251708517904,0.726323107586129,0.331155793021281,0.541722691910204,0.512271411008083,0.628314795621835,0.577219222925231,0.636557970629194,0.277946574936383,-0.0127220879902777,-0.67373730161939
"H31-K9[ac];K14[un]",-0.171297431526945,0.205086934224006,0.328168489352011,-0.368718142142739,-0.120421877653181,0.12929616862227,0.307246406271975,-0.315308262378041,-0.108764665028046,0.0994133695652561,0.0736915362310556,-0.247103392750486,-0.0744136861883889,0.250760794494809,0.229349081076938,-0.158483180717589,0.332108152886268,0.360651387472002,-0.463769956906786,-0.26322630091649,-0.314710624580806,0.378940191528635,0.412757491817664,-0.403665683931423,0.0038378408016173,-0.0116781710930035,0.805410166860989,1,0.348788084109069,0.0285526250782276,0.332524766192753,-0.529203123075281,-0.656623291164897,-0.399002715742058,0.300447328377765,0.343201432668913,0.0775422164325955,0.510870733776502,0.136288137362326,0.553274064390045,0.411203918302912,0.579413053791564,0.224692420753589,0.665623350683024,0.272836478325474,0.504320863863579,0.431042496941418,0.569997231661872,0.490907678701208,0.657482694648604,0.136565808157564,-0.0550254365046876,-0.589557638342215
"H31-K9[me];K14[ac]",-0.0330209637853915,0.0335578842214785,0.194010878302149,-0.203228927998994,0.00429611917770913,-0.0208901405879036,0.156763971923866,-0.160956580419166,-0.230650620268297,0.227165598567742,0.130011968872258,0.0548669207541357,-0.1319486201254,-0.0568365974984585,0.0258174149001435,-0.208166287639319,0.304169441209935,0.400542163043531,-0.194709022429399,-0.230223974439966,-0.0994359975658922,0.204656235441049,-0.0157120456892538,0.0239623274254699,-0.0402548846749654,-0.00409007239349021,0.204599087256864,0.348788084109069,1,-0.0677747427366277,0.391702066013337,-0.433023058630343,-0.367468722759144,-0.232694915582644,0.238677458710898,0.0196740680384542,-0.0663736983462964,0.311257163906065,0.0641036534328921,0.292635401784734,0.306925443487391,0.26333659965255,-0.203764075716954,0.287834737802623,0.0206833661458016,0.250357222250126,0.272027553316271,0.195108585883574,0.134555847927974,0.308809462290939,0.0601777508692362,-0.244975748712568,-0.171225954910048
"H31-K9[me];K14[un]",-0.0385119753621286,0.0823485087333403,-0.110480963345396,0.0992206080159791,0.0385517841784285,-0.0347558162160227,0.0996008517236046,-0.12272721424351,0.240988095519063,-0.236653818864522,-0.462968416378449,-0.192204219951415,0.45760858430039,0.187451381824404,0.215385635340696,0.171655335624641,-0.0817624861048766,-0.00672770829351049,-0.229263102086128,0.014046418007238,0.105034569904986,-0.0266623334361148,-0.206027250126418,0.215221353298806,0.1440024530269,-0.110155110316565,0.255197519139296,0.0285526250782276,-0.0677747427366277,1,-0.270107373382517,-0.0670606532861053,-0.302085849390795,-0.254439186578192,-0.0657524470301841,-0.0639630293843596,0.0142837706072988,0.166681941042104,0.3576139221989,0.0096968170082581,-0.232360270998225,0.01599876839315,-0.0686451345498977,0.148220575889475,0.280346569207613,0.0428126426219443,-0.119626747409449,0.0776698953827035,0.0996709618903491,-0.0567874834626289,0.195995194219169,0.0268154358845954,-0.104423426015237
"H31-K9[me2];K14[ac]",-0.0588600440760281,0.0826150545795789,0.313155016595183,-0.334306367544016,-0.0631302205370439,0.078403360949939,0.436879071953721,-0.435910862600774,-0.23620800116584,0.230050177480657,0.214966084913905,-0.0786946977938089,-0.216411766782053,0.0779891820838426,-0.0494741664673017,-0.207953278124715,0.397386263140037,0.3560158599567,-0.191427227818842,-0.388565499134652,-0.429945421204569,0.494910097562225,0.276296229735748,-0.260567721093905,-0.106334866484852,0.0716544095321575,0.209036284708211,0.332524766192753,0.391702066013337,-0.270107373382517,1,-0.333024657631384,-0.280268434030239,-0.273431305590218,0.127239743235253,-0.096522461943052,-0.228996292080266,0.402330629945073,-0.0182239449958984,0.484352993759903,0.372614893416162,0.451954867524147,0.0197060220808294,0.410686741417169,-0.219983954571374,0.423926198095959,0.251919149144012,0.374951761692259,0.123415443169955,0.446286358025055,-0.150952276145465,-0.0489835514644287,-0.357543234763917
"H31-K9[me2];K14[un]",0.169194889092763,-0.181219402903513,-0.472420622267436,0.508471742211447,0.249361539686782,-0.197464405908618,-0.484582329824516,0.479820964629517,0.278277832673922,-0.278638110276232,-0.173460302199907,0.0707932246100133,0.177757505533061,-0.071479414130286,0.0746325212075258,0.056824362984584,-0.504112457417936,-0.481761438094804,0.319793024558166,0.496271596978165,0.505700462421991,-0.6208377383577,-0.415601799574465,0.413400395870153,0.129211891205439,-0.10364801201208,-0.56676641587234,-0.529203123075281,-0.433023058630343,-0.0670606532861053,-0.333024657631384,1,0.741215388876306,0.118351190212218,-0.664449588386416,-0.36053261162034,-0.49251538287292,-0.555201445241453,-0.154127877021194,-0.546269973475924,-0.427005112745416,-0.615532202981423,-0.285974270038085,-0.565122355643076,0.0756837777986915,-0.578091092460628,-0.406884878609848,-0.487574885764476,-0.197554365061501,-0.555938250676444,0.0958990605439623,0.111967550559277,0.496131743428009
"H31-K9[me3];K14[ac]",0.171336378513858,-0.248066774463539,-0.428719752089902,0.468729757196623,0.127238705370901,-0.13054110293091,-0.571445643822101,0.571913632749171,0.131526635544976,-0.13870950733326,0.0859692887056942,0.327600954185181,-0.0843530402960109,-0.328200103110074,-0.212276873892406,-0.0567107090220496,-0.323257546595349,-0.452777352679638,0.518505951456479,0.392741878020118,0.436052343347713,-0.542829318787224,-0.529968043559012,0.524350633655293,-0.0831674242435512,0.0684722222889833,-0.720321882828308,-0.656623291164897,-0.367468722759144,-0.302085849390795,-0.280268434030239,0.741215388876306,1,0.370708474138031,-0.509258312964946,-0.436098400443999,-0.396645259721093,-0.697155341259012,-0.260342904578929,-0.640205581837133,-0.267671708512693,-0.719502588077217,-0.370526339281598,-0.727452117613808,-0.153443026980122,-0.677512638342103,-0.270048585544804,-0.653232426613064,-0.354706004289105,-0.708942235234077,0.0144120845215307,0.0505307623232,0.668622502940796
"H31-K9[me3];K14[un]",0.0857613617049733,-0.182634389545229,0.0742014627104062,-0.0795229648679753,0.133358439133576,-0.157929996449297,-0.274573232445335,0.287653298160707,-0.158308407134502,0.166382928372689,0.180644155803316,0.0843047070453252,-0.179094471361826,-0.0856005707368091,-0.446996408767989,-0.108618958853149,-0.113442323135662,-0.0210886093666936,0.587033386632878,-0.0819666146265771,-0.106229525714025,0.0779515975758725,0.0176351860398035,-0.0221481239249566,-0.168679201568537,0.129995437627758,-0.44776207367921,-0.399002715742058,-0.232694915582644,-0.254439186578192,-0.273431305590218,0.118351190212218,0.370708474138031,1,-0.331433624557877,-0.186650192824588,-0.0437277884005526,-0.381991096746927,-0.351000778040193,-0.318284312851329,0.0832775697274069,-0.370079800067493,-0.141082739927022,-0.479696059274459,-0.45775480839082,-0.22901425225434,-0.131359380512388,-0.310350003341379,-0.387751207732333,-0.267955109486158,-0.359475007039915,0.205808882125053,0.321531114813031
"H31-K9[un];K14[ac]",-0.0976682591934307,0.142922686029968,0.197733108756233,-0.204669332297671,-0.314384663207016,0.244685709503683,0.360197277776911,-0.351637758085967,-0.134068975967015,0.13733767926746,0.336564421742678,0.116359465844673,-0.336419198548136,-0.113505654107792,0.0849890103085691,0.113505990426643,0.279950577732889,0.166029518463843,-0.353759042721092,-0.167391222915181,-0.189096655342541,0.226479564242884,0.214873091293922,-0.216002408789564,-0.177020189166244,0.191895945210154,0.279198795522445,0.300447328377765,0.238677458710898,-0.0657524470301841,0.127239743235253,-0.664449588386416,-0.509258312964946,-0.331433624557877,1,0.0185575380809144,0.721562371071871,0.355901160973326,0.136702061775784,0.401601832763898,0.165611416596577,0.423245589480033,0.293966701620934,0.378471328817624,0.182344532487583,0.325259250592598,0.19267766921841,0.330398928339189,0.178524475136315,0.330962870285422,0.0554699540997981,-0.226423978491404,-0.289389971850264
"H31-K9[un];K14[ub]",-0.0967532002476061,0.125830983977545,0.158146674806929,-0.157376136707222,-0.0707635084985093,0.0905817167097177,0.111389059789975,-0.107510981438584,-0.0788380855063938,0.0842106708464153,-0.220841418543584,-0.167383991158642,0.219649502950837,0.172641180358575,0.173156566490903,0.0202433615255295,0.129406648622464,0.0812985275518605,-0.295212378291187,-0.0609627454509349,-0.139441044635449,0.144848651580122,0.31946771347314,-0.336173079549643,0.302951797716057,-0.299539265746921,0.471031778935486,0.343201432668913,0.0196740680384542,-0.0639630293843596,-0.096522461943052,-0.36053261162034,-0.436098400443999,-0.186650192824588,0.0185575380809144,1,-0.0299777741310838,0.192835842181798,0.13492651749195,0.137622826319168,0.112835954660609,0.301713020356356,0.421207399036345,0.276249927597122,0.115666742544779,0.245624309067653,0.250317784018183,0.236155845514836,0.288861686392148,0.32220493265508,0.140217766773722,-0.0364296135417481,-0.281052256180491
"H31-K9[un];K14[un]",-0.0956723657642278,0.124129528249045,0.221286554448493,-0.248403594867572,-0.23525569242705,0.189396308969689,0.308998382684839,-0.294185877808739,-0.0311680706593739,0.0306471483083728,0.24184706555293,0.0157403016921888,-0.239598160366838,-0.0134241185054634,-0.052072148723553,0.18326357455608,0.0395845529577306,0.142125458340082,-0.0517372014861324,-0.198257239547115,-0.201343016791548,0.247579591458395,0.349829507806028,-0.355500285000518,-0.145079585572542,0.170952933805564,0.0778181273800789,0.0775422164325955,-0.0663736983462964,0.0142837706072988,-0.228996292080266,-0.49251538287292,-0.396645259721093,-0.0437277884005526,0.721562371071871,-0.0299777741310838,1,0.312328243670633,0.0210435736064811,0.284526082923123,0.0320654335867001,0.335948856639366,0.211507207661216,0.238332743150595,-0.053239182596536,0.297562689506925,-0.0385815163499327,0.211319541149459,-0.121231122339637,0.195178537566296,-0.275341389456679,-0.0105536552037862,-0.20669311743208
"H4-K5[ac];K8[ac];K12[ac];K16[ac]",-0.318570706185587,0.45756692288536,0.454757754438836,-0.465026371670821,-0.196168904070481,0.209954763564602,0.833600740660873,-0.837167962660558,-0.0289602639209646,0.0294807025946359,-0.165649574398158,-0.490147046075436,0.164790106782994,0.490183085064679,0.219585871375459,0.0453492787419105,0.240433489376375,0.556827964747947,-0.44389445421181,-0.227477306123363,-0.489010614625756,0.443506790573001,0.572950332036551,-0.559135958384781,0.0672603124879207,-0.0707623907208411,0.559307260965006,0.510870733776502,0.311257163906065,0.166681941042104,0.402330629945073,-0.555201445241453,-0.697155341259012,-0.381991096746927,0.355901160973326,0.192835842181798,0.312328243670633,1,0.329651088657844,0.886434506368464,0.339036841161759,0.867597347492151,0.272811708297282,0.819737117622629,0.00985600980411146,0.896748099913264,0.210706352818401,0.763099934385893,0.104048199250828,0.767621750113064,-0.329499312848039,0.0979540754510654,-0.821317139343524
