"","1_D3_Slot1-1_1_1321","1_D4_Slot1-1_1_1300","1_E3_Slot1-1_1_1322","1_E4_Slot1-1_1_1301","1_F3_Slot1-1_1_1323","1_F4_Slot1-1_1_1302","1_G3_Slot1-1_1_1325","1_G4_Slot1-1_1_1305","1_H2_Slot1-1_1_1341","1_H3_Slot1-1_1_1326","1_H4_Slot1-1_1_1306","1_I2_Slot1-1_1_1342","1_I3_Slot1-1_1_1327","1_I4_Slot1-1_1_1307","auto_2_E2_1cell_Slot1-1_1_3420","auto_2_E3_1cell_Slot1-1_1_3418","auto_2_F2_1cell_Slot1-1_1_3421","auto_2_F3_1cell_Slot1-1_1_3419","auto_4_D3_1cell_Slot1-1_1_3495","auto_4_D4_1cell_Slot1-1_1_3492","auto_4_E4_1cell_Slot1-1_1_3493","auto_4_F4_1cell_Slot1-1_1_3494"
"1_D3_Slot1-1_1_1321",1,0.980344861023688,0.976065614520795,0.960142868100716,0.958597984371791,0.971220020635938,0.98599674062813,0.950083929235619,0.96826023312586,0.933175387629976,0.98705616854429,0.985785522523091,0.952250481425394,0.994598401487899,0.984027753837554,0.924053361712719,0.974256293480077,0.963017534990176,0.982389497455423,0.98627390517805,0.941300328895817,0.989466600521615
"1_D4_Slot1-1_1_1300",0.980344861023688,1,0.984879914957093,0.979492782350975,0.976642550547041,0.986045056302475,0.977070596376244,0.982373387777354,0.985636970000741,0.96641860034844,0.990020562520993,0.995873430832408,0.970774726519777,0.97442827354641,0.994173243709015,0.94218121341122,0.990805595604413,0.985033941474175,0.978934015957361,0.987944902056279,0.965578834398207,0.983995370423607
"1_E3_Slot1-1_1_1322",0.976065614520795,0.984879914957093,1,0.988460192697867,0.981754675208425,0.987185973621946,0.981154130642501,0.985449186482427,0.989582840974173,0.983872883555947,0.986156556143359,0.985412231171016,0.986486239685445,0.977006432663537,0.986986923142225,0.955244871878407,0.984911264071516,0.987861382000787,0.980657225372178,0.988177767685415,0.978983490255567,0.982719739067623
"1_E4_Slot1-1_1_1301",0.960142868100716,0.979492782350975,0.988460192697867,1,0.991106312426306,0.977785099015283,0.9557031141017,0.993496235591661,0.981518793468558,0.988628482092625,0.981257707818877,0.977214548524539,0.993037433449796,0.962266502352119,0.978321676756609,0.959210178467969,0.978025351279491,0.987470398210261,0.978172383759293,0.973691008581123,0.979244057612695,0.968026018479452
"1_F3_Slot1-1_1_1323",0.958597984371791,0.976642550547041,0.981754675208425,0.991106312426306,1,0.96213013661867,0.942184317246547,0.989755901254203,0.965492774354519,0.983031318576775,0.970394005773364,0.973739825263102,0.988743273508737,0.958923430360588,0.973014578337666,0.933015539185161,0.980331122101832,0.989822093340559,0.966968284586033,0.964022909233561,0.96793170992196,0.957167932113234
"1_F4_Slot1-1_1_1302",0.971220020635938,0.986045056302475,0.987185973621946,0.977785099015283,0.96213013661867,1,0.979460287734888,0.980779151068108,0.990767757773687,0.968344534289411,0.990145145192845,0.985322506487765,0.968613989134914,0.969590607951169,0.984094059688814,0.94472054154415,0.98718202858377,0.97945485951993,0.979899911877418,0.99373421745958,0.9652852664614,0.987861317735906
"1_G3_Slot1-1_1_1325",0.98599674062813,0.977070596376244,0.981154130642501,0.9557031141017,0.942184317246547,0.979460287734888,1,0.949345227982866,0.982228683762676,0.942048874280015,0.984111701466667,0.981986746135624,0.953372593219253,0.985215133139933,0.984501742062533,0.947454122306561,0.967549728509844,0.957231196237398,0.975718952145808,0.986703444473204,0.95711583676517,0.986898819462566
"1_G4_Slot1-1_1_1305",0.950083929235619,0.982373387777354,0.985449186482427,0.993496235591661,0.989755901254203,0.980779151068108,0.949345227982866,1,0.979051574902275,0.990806662032464,0.977019413449652,0.974770971321522,0.986263032758099,0.952149621046231,0.975535226885638,0.945980093145536,0.985092559788524,0.991693937940716,0.969163081390564,0.973031126197693,0.976951490882216,0.961753913936473
"1_H2_Slot1-1_1_1341",0.96826023312586,0.985636970000741,0.989582840974173,0.981518793468558,0.965492774354519,0.990767757773687,0.982228683762676,0.979051574902275,1,0.978609720478056,0.988042858661257,0.987571865468963,0.981302497703876,0.968218287387418,0.988630683125228,0.970840434831477,0.9789249267952,0.974581293389373,0.977853317180195,0.987122303406853,0.977967899228639,0.983538208115099
"1_H3_Slot1-1_1_1326",0.933175387629976,0.96641860034844,0.983872883555947,0.988628482092625,0.983031318576775,0.968344534289411,0.942048874280015,0.990806662032464,0.978609720478056,1,0.962090494536001,0.964315744757566,0.993064693982167,0.93570146424711,0.965272054439034,0.954228535644391,0.969167612437264,0.98365557126307,0.957168622781992,0.960500559663533,0.979195343392721,0.948544744088139
"1_H4_Slot1-1_1_1306",0.98705616854429,0.990020562520993,0.986156556143359,0.981257707818877,0.970394005773364,0.990145145192845,0.984111701466667,0.977019413449652,0.988042858661257,0.962090494536001,1,0.99067797772681,0.970912538252835,0.987650272173419,0.991659434902644,0.952806998580834,0.985418937149774,0.977583792064287,0.98518324224766,0.993597927729356,0.968880777773218,0.99321965879044
"1_I2_Slot1-1_1_1342",0.985785522523091,0.995873430832408,0.985412231171016,0.977214548524539,0.973739825263102,0.985322506487765,0.981986746135624,0.974770971321522,0.987571865468963,0.964315744757566,0.99067797772681,1,0.973231667133046,0.977810611907165,0.994026056106059,0.940077180035001,0.989249471242327,0.983441732140956,0.982533222653821,0.990898359338392,0.960006701443123,0.989132728747259
"1_I3_Slot1-1_1_1327",0.952250481425394,0.970774726519777,0.986486239685445,0.993037433449796,0.988743273508737,0.968613989134914,0.953372593219253,0.986263032758099,0.981302497703876,0.993064693982167,0.970912538252835,0.973231667133046,1,0.954724743573655,0.973374322087956,0.962459544310451,0.971622094900547,0.982144526530274,0.969139537263457,0.965567165818285,0.981423718521515,0.960002855114405
"1_I4_Slot1-1_1_1307",0.994598401487899,0.97442827354641,0.977006432663537,0.962266502352119,0.958923430360588,0.969590607951169,0.985215133139933,0.952149621046231,0.968218287387418,0.93570146424711,0.987650272173419,0.977810611907165,0.954724743573655,1,0.981932317358899,0.936172607356346,0.971273092674378,0.959812266849567,0.978904433734485,0.983664678724195,0.952775368640529,0.988072510145939
"auto_2_E2_1cell_Slot1-1_1_3420",0.984027753837554,0.994173243709015,0.986986923142225,0.978321676756609,0.973014578337666,0.984094059688814,0.984501742062533,0.975535226885638,0.988630683125228,0.965272054439034,0.991659434902644,0.994026056106059,0.973374322087956,0.981932317358899,1,0.952466626594335,0.987057253268725,0.979263910959195,0.978425370428087,0.987295145612129,0.972601561557808,0.987697633787729
"auto_2_E3_1cell_Slot1-1_1_3418",0.924053361712719,0.94218121341122,0.955244871878407,0.959210178467969,0.933015539185161,0.94472054154415,0.947454122306561,0.945980093145536,0.970840434831477,0.954228535644391,0.952806998580834,0.940077180035001,0.962459544310451,0.936172607356346,0.952466626594335,1,0.925672542017026,0.924999076669744,0.935004566253475,0.933852387028687,0.980326654306346,0.93816458629825
"auto_2_F2_1cell_Slot1-1_1_3421",0.974256293480077,0.990805595604413,0.984911264071516,0.978025351279491,0.980331122101832,0.98718202858377,0.967549728509844,0.985092559788524,0.9789249267952,0.969167612437264,0.985418937149774,0.989249471242327,0.971622094900547,0.971273092674378,0.987057253268725,0.925672542017026,1,0.990628423921597,0.97333806038732,0.987705977359878,0.964502186389606,0.982961204863497
"auto_2_F3_1cell_Slot1-1_1_3419",0.963017534990176,0.985033941474175,0.987861382000787,0.987470398210261,0.989822093340559,0.97945485951993,0.957231196237398,0.991693937940716,0.974581293389373,0.98365557126307,0.977583792064287,0.983441732140956,0.982144526530274,0.959812266849567,0.979263910959195,0.924999076669744,0.990628423921597,1,0.97186043315712,0.979838184148518,0.965205462086733,0.969163857773451
"auto_4_D3_1cell_Slot1-1_1_3495",0.982389497455423,0.978934015957361,0.980657225372178,0.978172383759293,0.966968284586033,0.979899911877418,0.975718952145808,0.969163081390564,0.977853317180195,0.957168622781992,0.98518324224766,0.982533222653821,0.969139537263457,0.978904433734485,0.978425370428087,0.935004566253475,0.97333806038732,0.97186043315712,1,0.986969489560562,0.94575201459758,0.981469479089715
"auto_4_D4_1cell_Slot1-1_1_3492",0.98627390517805,0.987944902056279,0.988177767685415,0.973691008581123,0.964022909233561,0.99373421745958,0.986703444473204,0.973031126197693,0.987122303406853,0.960500559663533,0.993597927729356,0.990898359338392,0.965567165818285,0.983664678724195,0.987295145612129,0.933852387028687,0.987705977359878,0.979838184148518,0.986969489560562,1,0.955667729074925,0.995378378480859
"auto_4_E4_1cell_Slot1-1_1_3493",0.941300328895817,0.965578834398207,0.978983490255567,0.979244057612695,0.96793170992196,0.9652852664614,0.95711583676517,0.976951490882216,0.977967899228639,0.979195343392721,0.968880777773218,0.960006701443123,0.981423718521515,0.952775368640529,0.972601561557808,0.980326654306346,0.964502186389606,0.965205462086733,0.94575201459758,0.955667729074925,1,0.955721235054384
"auto_4_F4_1cell_Slot1-1_1_3494",0.989466600521615,0.983995370423607,0.982719739067623,0.968026018479452,0.957167932113234,0.987861317735906,0.986898819462566,0.961753913936473,0.983538208115099,0.948544744088139,0.99321965879044,0.989132728747259,0.960002855114405,0.988072510145939,0.987697633787729,0.93816458629825,0.982961204863497,0.969163857773451,0.981469479089715,0.995378378480859,0.955721235054384,1
