"","1_D3_Slot1-1_1_1321","1_D4_Slot1-1_1_1300","1_E3_Slot1-1_1_1322","1_E4_Slot1-1_1_1301","1_F3_Slot1-1_1_1323","1_F4_Slot1-1_1_1302","1_G3_Slot1-1_1_1325","1_G4_Slot1-1_1_1305","1_H2_Slot1-1_1_1341","1_H3_Slot1-1_1_1326","1_H4_Slot1-1_1_1306","1_I2_Slot1-1_1_1342","1_I3_Slot1-1_1_1327","1_I4_Slot1-1_1_1307","auto_2_E2_1cell_Slot1-1_1_3420","auto_2_E3_1cell_Slot1-1_1_3418","auto_2_F2_1cell_Slot1-1_1_3421","auto_2_F3_1cell_Slot1-1_1_3419","auto_4_D3_1cell_Slot1-1_1_3495","auto_4_D4_1cell_Slot1-1_1_3492","auto_4_E4_1cell_Slot1-1_1_3493","auto_4_F4_1cell_Slot1-1_1_3494"
"1_D3_Slot1-1_1_1321",0,4.86188415501328e-39,8.52530731297668e-37,5.17351867327844e-31,1.39008997446774e-30,1.06252767173949e-34,6.53364775764408e-43,1.77389162923987e-28,1.37063742626313e-33,3.26310230228887e-25,8.23072170238155e-44,9.68987192339465e-43,5.62424898355777e-29,7.90734730728337e-54,2.08306272234396e-41,8.62870163695429e-24,5.74957468409387e-36,7.37707789506691e-32,2.71421556607041e-40,3.85982480532686e-43,1.16497892300031e-26,3.60389139342680e-46
"1_D4_Slot1-1_1_1300",4.86188415501328e-39,0,4.92346558431072e-42,1.48124377214115e-38,4.49785983888435e-37,5.9653721084577e-43,2.76980613157239e-37,2.78023072959595e-40,1.27400757657541e-42,5.97122095498991e-33,8.66933333347879e-47,6.3991210583452e-57,1.58721758412825e-34,4.82416669907031e-36,5.8576971024074e-53,7.8909983373174e-27,9.98293309962377e-48,3.76061194037361e-42,2.99918756983011e-38,1.2634762583199e-44,1.13702442293739e-32,2.19704273928812e-41
"1_E3_Slot1-1_1_1322",8.52530731297668e-37,4.92346558431072e-42,0,3.99547929904994e-45,6.88326456765723e-40,6.31157842654021e-44,1.61165984998603e-39,1.7933093547555e-42,2.68958062439681e-46,2.68487462224022e-41,4.82960741903022e-43,1.91711874261476e-42,2.56024825367014e-43,2.98032475692751e-37,9.47262925366126e-44,1.04966281759949e-29,4.6617921405549e-42,1.51558112013258e-44,3.1923972619972e-39,7.55663342919514e-45,2.81974321477145e-38,1.65026009890848e-40
"1_E4_Slot1-1_1_1301",5.17351867327844e-31,1.48124377214115e-38,3.99547929904994e-45,0,4.15110427286629e-48,1.20773153175218e-37,8.03715009187538e-30,1.06944795864203e-51,9.64630704184176e-40,2.71268005559091e-45,1.39445316747787e-39,2.34825387288951e-37,6.47477409892223e-51,1.24503914173378e-31,6.36015518378381e-38,9.43901611760179e-31,9.08073549804885e-38,3.49408541150846e-44,7.61464087885224e-38,1.01522001419329e-35,2.03251123523674e-38,1.66061201281076e-33
"1_F3_Slot1-1_1_1323",1.39008997446774e-30,4.49785983888435e-37,6.88326456765723e-40,4.15110427286629e-48,0,1.36760040962901e-31,7.88008927891131e-27,1.72906257922193e-46,1.21350501938174e-32,1.02286903327404e-40,2.22605050941051e-34,9.67050839680719e-36,2.07609254199325e-45,1.13237312508701e-30,1.97273244166556e-35,3.4693428637386e-25,4.95190667191685e-39,1.45733818981701e-46,3.88239116779036e-33,3.59866652615542e-32,1.79330044482648e-33,3.35791683289941e-30
"1_F4_Slot1-1_1_1302",1.06252767173949e-34,5.9653721084577e-43,6.31157842654021e-44,1.20773153175218e-37,1.36760040962901e-31,0,1.54409232376223e-38,2.70395178430738e-39,1.11255247861375e-47,1.2787068046654e-33,6.2240634878108e-47,2.25287510732912e-42,1.02293171174679e-33,4.48055404401021e-34,1.86716485337673e-41,2.47833582782033e-27,6.36296393775644e-44,1.55483802493478e-38,8.75058394124897e-39,3.99403622230847e-52,1.41878534117939e-32,1.51579256327359e-44
"1_G3_Slot1-1_1_1325",6.53364775764408e-43,2.76980613157239e-37,1.61165984998603e-39,8.03715009187538e-30,7.88008927891131e-27,1.54409232376223e-38,0,2.59394205070168e-28,3.44664877610623e-40,8.36986011151691e-27,1.81345023171372e-41,4.91720649782619e-40,3.03739677106291e-29,2.72927016033062e-42,9.43078315813947e-42,6.69045669963467e-28,2.44264766911071e-33,3.23149128636493e-30,1.24261210763319e-36,1.67096075172624e-43,3.4655774128383e-30,1.13149885254893e-43
"1_G4_Slot1-1_1_1305",1.77389162923987e-28,2.78023072959595e-40,1.7933093547555e-42,1.06944795864203e-51,1.72906257922193e-46,2.70395178430738e-39,2.59394205070168e-28,0,2.58959731724931e-38,9.95242539389049e-48,2.93653100620348e-37,3.38840671489943e-36,3.94113855675626e-43,5.94016205945312e-29,1.51390569883489e-36,1.36707630644147e-27,3.39162536531311e-42,6.83304515276387e-49,6.45198349396671e-34,1.94132422736156e-35,3.17273688980767e-37,1.76883326372851e-31
"1_H2_Slot1-1_1_1341",1.37063742626313e-33,1.27400757657541e-42,2.68958062439681e-46,9.64630704184176e-40,1.21350501938174e-32,1.11255247861375e-47,3.44664877610623e-40,2.58959731724931e-38,0,4.47791372727126e-38,1.01904446079768e-44,2.82031777960794e-44,1.30950948445047e-39,1.41871396583372e-33,2.69887369609438e-45,1.49653573545381e-34,3.03332666735025e-38,4.12262351047826e-36,1.11414641219903e-37,7.19183037025203e-44,9.7243693162943e-38,4.60802428801506e-41
"1_H3_Slot1-1_1_1326",3.26310230228887e-25,5.97122095498991e-33,2.68487462224022e-41,2.71268005559091e-45,1.02286903327404e-40,1.2787068046654e-33,8.36986011151691e-27,9.95242539389049e-48,4.47791372727126e-38,0,1.405351572798e-31,2.90851585025678e-32,5.83743015650493e-51,1.21351871671412e-25,1.43292783512656e-32,1.87904883111754e-29,6.42727079164521e-34,3.81769083016855e-41,3.35651130671019e-30,4.09242151731912e-31,2.16147395476683e-38,3.89075150526908e-28
"1_H4_Slot1-1_1_1306",8.23072170238155e-44,8.66933333347879e-47,4.82960741903022e-43,1.39445316747787e-39,2.22605050941051e-34,6.2240634878108e-47,1.81345023171372e-41,2.93653100620348e-37,1.01904446079768e-44,1.405351572798e-31,0,1.43620829088275e-47,1.40276149034304e-34,2.38716271177211e-44,7.6232040241403e-49,4.15125207825094e-29,1.89405785880344e-42,1.53005037803702e-37,2.88850339717748e-42,7.05231745892607e-52,8.18550499424496e-34,3.21349865910762e-51
"1_I2_Slot1-1_1_1342",9.68987192339465e-43,6.3991210583452e-57,1.91711874261476e-42,2.34825387288951e-37,9.67050839680719e-36,2.25287510732912e-42,4.91720649782619e-40,3.38840671489943e-36,2.82031777960794e-44,2.90851585025678e-32,1.43620829088275e-47,0,1.59691683856019e-35,1.17187956999677e-37,1.13252536836738e-52,1.98132382748287e-26,6.17207222663539e-46,5.37338056175234e-41,2.18829052615448e-40,7.63926337917948e-48,5.65323439741818e-31,8.20555567309585e-46
"1_I3_Slot1-1_1_1327",5.62424898355777e-29,1.58721758412825e-34,2.56024825367014e-43,6.47477409892223e-51,2.07609254199325e-45,1.02293171174679e-33,3.03739677106291e-29,3.94113855675626e-43,1.30950948445047e-39,5.83743015650493e-51,1.40276149034304e-34,1.59691683856019e-35,0,1.4164298586686e-29,1.38853186802809e-35,1.08943686227905e-31,7.3552213737111e-35,3.90226062047051e-40,6.5818723957918e-34,1.14711583395229e-32,1.10383361511535e-39,5.66738710870133e-31
"1_I4_Slot1-1_1_1307",7.90734730728337e-54,4.82416669907031e-36,2.98032475692751e-37,1.24503914173378e-31,1.13237312508701e-30,4.48055404401021e-34,2.72927016033062e-42,5.94016205945312e-29,1.41871396583372e-33,1.21351871671412e-25,2.38716271177211e-44,1.17187956999677e-37,1.4164298586686e-29,0,5.32289723973696e-40,1.00460940141649e-25,1.01247603363265e-34,6.41292729344793e-31,3.11167540270964e-38,3.76214030512406e-41,4.22393713851588e-29,9.5450256396908e-45
"auto_2_E2_1cell_Slot1-1_1_3420",2.08306272234396e-41,5.8576971024074e-53,9.47262925366126e-44,6.36015518378381e-38,1.97273244166556e-35,1.86716485337673e-41,9.43078315813947e-42,1.51390569883489e-36,2.69887369609438e-45,1.43292783512656e-32,7.6232040241403e-49,1.13252536836738e-52,1.38853186802809e-35,5.32289723973696e-40,0,5.00068475448951e-29,8.21257284215678e-44,1.98210348853797e-38,5.60847301271415e-38,5.03792933701625e-44,2.93525656126211e-35,2.15732067883061e-44
"auto_2_E3_1cell_Slot1-1_1_3418",8.62870163695429e-24,7.8909983373174e-27,1.04966281759949e-29,9.43901611760179e-31,3.4693428637386e-25,2.47833582782033e-27,6.69045669963467e-28,1.36707630644147e-27,1.49653573545381e-34,1.87904883111754e-29,4.15125207825094e-29,1.98132382748287e-26,1.08943686227905e-31,1.00460940141649e-25,5.00068475448951e-29,0,4.97596497950166e-24,6.26561537418712e-24,1.60058710938828e-25,2.51285945465053e-25,4.98152511769681e-39,4.44678115905971e-26
"auto_2_F2_1cell_Slot1-1_1_3421",5.74957468409387e-36,9.98293309962377e-48,4.6617921405549e-42,9.08073549804885e-38,4.95190667191685e-39,6.36296393775644e-44,2.44264766911071e-33,3.39162536531311e-42,3.03332666735025e-38,6.42727079164521e-34,1.89405785880344e-42,6.17207222663539e-46,7.3552213737111e-35,1.01247603363265e-34,8.21257284215678e-44,4.97596497950166e-24,0,1.65184038061094e-47,1.43887540653537e-35,2.11910006241615e-44,2.53743354146651e-32,1.13998393086265e-40
"auto_2_F3_1cell_Slot1-1_1_3419",7.37707789506691e-32,3.76061194037361e-42,1.51558112013258e-44,3.49408541150846e-44,1.45733818981701e-46,1.55483802493478e-38,3.23149128636493e-30,6.83304515276387e-49,4.12262351047826e-36,3.81769083016855e-41,1.53005037803702e-37,5.37338056175234e-41,3.90226062047051e-40,6.41292729344793e-31,1.98210348853797e-38,6.26561537418712e-24,1.65184038061094e-47,0,5.89952401861101e-35,9.48405634440097e-39,1.50629711451173e-32,6.44774256396554e-34
"auto_4_D3_1cell_Slot1-1_1_3495",2.71421556607041e-40,2.99918756983011e-38,3.1923972619972e-39,7.61464087885224e-38,3.88239116779036e-33,8.75058394124897e-39,1.24261210763319e-36,6.45198349396671e-34,1.11414641219903e-37,3.35651130671019e-30,2.88850339717748e-42,2.18829052615448e-40,6.5818723957918e-34,3.11167540270964e-38,5.60847301271415e-38,1.60058710938828e-25,1.43887540653537e-35,5.89952401861101e-35,0,9.81261909407966e-44,1.52417052853828e-27,1.03458054057505e-39
"auto_4_D4_1cell_Slot1-1_1_3492",3.85982480532686e-43,1.2634762583199e-44,7.55663342919514e-45,1.01522001419329e-35,3.59866652615542e-32,3.99403622230847e-52,1.67096075172624e-43,1.94132422736156e-35,7.19183037025203e-44,4.09242151731912e-31,7.05231745892607e-52,7.63926337917948e-48,1.14711583395229e-32,3.76214030512406e-41,5.03792933701625e-44,2.51285945465053e-25,2.11910006241615e-44,9.48405634440097e-39,9.81261909407966e-44,0,8.20538622536222e-30,1.2805968964086e-55
"auto_4_E4_1cell_Slot1-1_1_3493",1.16497892300031e-26,1.13702442293739e-32,2.81974321477145e-38,2.03251123523674e-38,1.79330044482648e-33,1.41878534117939e-32,3.4655774128383e-30,3.17273688980767e-37,9.7243693162943e-38,2.16147395476683e-38,8.18550499424496e-34,5.65323439741818e-31,1.10383361511535e-39,4.22393713851588e-29,2.93525656126211e-35,4.98152511769681e-39,2.53743354146651e-32,1.50629711451173e-32,1.52417052853828e-27,8.20538622536222e-30,0,7.95228297804832e-30
"auto_4_F4_1cell_Slot1-1_1_3494",3.60389139342680e-46,2.19704273928812e-41,1.65026009890848e-40,1.66061201281076e-33,3.35791683289941e-30,1.51579256327359e-44,1.13149885254893e-43,1.76883326372851e-31,4.60802428801506e-41,3.89075150526908e-28,3.21349865910762e-51,8.20555567309585e-46,5.66738710870133e-31,9.5450256396908e-45,2.15732067883061e-44,4.44678115905971e-26,1.13998393086265e-40,6.44774256396554e-34,1.03458054057505e-39,1.2805968964086e-55,7.95228297804832e-30,0
