"","1_D3_Slot1-1_1_1321","1_D4_Slot1-1_1_1300","1_E3_Slot1-1_1_1322","1_E4_Slot1-1_1_1301","1_F3_Slot1-1_1_1323","1_F4_Slot1-1_1_1302","1_G3_Slot1-1_1_1325","1_G4_Slot1-1_1_1305","1_H2_Slot1-1_1_1341","1_H3_Slot1-1_1_1326","1_H4_Slot1-1_1_1306","1_I2_Slot1-1_1_1342","1_I3_Slot1-1_1_1327","1_I4_Slot1-1_1_1307","auto_2_E2_1cell_Slot1-1_1_3420","auto_2_E3_1cell_Slot1-1_1_3418","auto_2_F2_1cell_Slot1-1_1_3421","auto_2_F3_1cell_Slot1-1_1_3419","auto_4_D3_1cell_Slot1-1_1_3495","auto_4_D4_1cell_Slot1-1_1_3492","auto_4_E4_1cell_Slot1-1_1_3493","auto_4_F4_1cell_Slot1-1_1_3494","nabut_1_D2_mix_Slot1-1_1_3691","nabut_1_D3_mix_Slot1-1_1_3720","nabut_1_D5_treat_Slot1-1_1_3713","nabut_1_E2_mix_Slot1-1_1_3692","nabut_1_E3_mix_Slot1-1_1_3721","nabut_1_E4_ctrl_Slot1-1_1_3707","nabut_1_E5_treat_Slot1-1_1_3714","nabut_1_F2_mix_Slot1-1_1_3693","nabut_1_F3_mix_Slot1-1_1_3722","nabut_1_F4_ctrl_Slot1-1_1_3708","nabut_1_F5_treat_Slot1-1_1_3715","nabut_1_G2_mix_Slot1-1_1_3694","nabut_1_G3_mix_Slot1-1_1_3723","nabut_1_G4_ctrl_Slot1-1_1_3709","nabut_1_G5_treat_Slot1-1_1_3716","nabut_1_H2_mix_Slot1-1_1_3695","nabut_1_H4_ctrl_Slot1-1_1_3710","nabut_1_H5_treat_Slot1-1_1_3717","nabut_1_I2_mix_Slot1-1_1_3696","nabut_1_I4_ctrl_Slot1-1_1_3711","nabut_1_I5_treat_Slot1-1_1_3718","nabut_1_J2_mix_Slot1-1_1_3697","nabut_1_K2_mix_Slot1-1_1_3698","nabut_1_L2_mix_Slot1-1_1_3699","nabut_1_M2_mix_Slot1-1_1_3700","nabut_1_N2_mix_Slot1-1_1_3701","nabut_1_O2_mix_Slot1-1_1_3702","nabut_4_D2_mix_Slot1-1_1_3640","nabut_4_D5_treat_Slot1-1_1_3675","nabut_4_E2_mix_Slot1-1_1_3641","nabut_4_E3_mix_Slot1-1_1_3682","nabut_4_E5_treat_Slot1-1_1_3676","nabut_4_F2_mix_Slot1-1_1_3642","nabut_4_F3_mix_Slot1-1_1_3683","nabut_4_F5_treat_Slot1-1_1_3677","nabut_4_G2_mix_Slot1-1_1_3643","nabut_4_G3_mix_Slot1-1_1_3684","nabut_4_G5_treat_Slot1-1_1_3678","nabut_4_H2_mix_Slot1-1_1_3644","nabut_4_H3_mix_Slot1-1_1_3685","nabut_4_H5_treat_Slot1-1_1_3679","nabut_4_I2_mix_Slot1-1_1_3645","nabut_4_I3_mix_Slot1-1_1_3686","nabut_4_I5_treat_Slot1-1_1_3680","nabut_4_J2_mix_Slot1-1_1_3646","nabut_4_K2_mix_Slot1-1_1_3647","nabut_4_L2_mix_Slot1-1_1_3648","nabut_4_M2_mix_Slot1-1_1_3649","nabut_4_N2_mix_Slot1-1_1_3650","nabut_4_O2_mix_Slot1-1_1_3651"
"1_D3_Slot1-1_1_1321",0,5.49531729998454e-37,1.76053613911568e-35,2.48050515742211e-30,1.07940823816981e-29,1.06943471246668e-33,2.55306097203439e-38,5.15116521531795e-28,5.06949039298464e-33,1.86264502275147e-24,5.68146432055078e-41,7.33653513453878e-40,1.66542206472554e-27,1.00024561672492e-47,7.60908018093368e-38,2.36997651614314e-23,4.79800584031314e-32,1.39743879924017e-30,1.38092900360429e-39,2.84292269875933e-43,3.76318906720627e-22,4.73196841883326e-44,1.38713014776028e-23,1.2661136259824e-16,6.66670366873849e-23,6.18751816100076e-22,2.10990209502296e-22,4.24026196600191e-32,1.47596386480163e-27,5.1763749539986e-22,3.08217950581147e-26,7.16054619920099e-34,6.0577357230442e-24,6.59962767290955e-24,9.81961375849584e-23,2.94543986298144e-33,1.64247549814028e-17,3.00481774771952e-22,1.55783683352753e-34,5.61297702155618e-23,1.85799149297184e-21,4.5507963689729e-31,3.56226990443006e-22,1.82253124730525e-21,2.9419315118497e-22,4.25366658075847e-24,7.49611255880603e-25,7.45652291285564e-23,7.49532160464204e-24,1.42876877422621e-23,4.98458940165653e-28,4.68884633391932e-23,4.15888419999478e-37,2.81305635790061e-26,4.9711806156865e-26,6.60519278566155e-30,5.04522230573021e-22,2.27628107332808e-20,1.19383085464373e-34,5.51612868056459e-27,2.61251282115009e-22,3.39557807176906e-30,7.73216910723055e-20,4.13614830851662e-23,4.68588554421437e-35,1.5367410528894e-22,1.7213556831539e-22,1.24171510253949e-26,1.5027996918198e-23,6.87386976723173e-22,5.85253537992701e-22,4.31025639739396e-23
"1_D4_Slot1-1_1_1300",5.49531729998454e-37,0,6.92009413862325e-39,1.95496629995926e-38,5.74979395040391e-35,1.7074921776078e-38,4.32879209963997e-31,1.32153777886453e-37,6.3704754333494e-37,1.98437417196282e-29,4.26375629622303e-40,3.26376700357339e-40,1.06815303723949e-29,1.76805132336909e-33,3.89204221219693e-41,2.5129840477334e-25,3.20273841454891e-37,1.9124815766376e-38,9.4325693935933e-34,9.23310013983403e-41,1.41732852771326e-25,1.92326198044693e-35,1.92392423096477e-20,2.92206478753203e-18,8.21065463194003e-22,2.81838277716603e-21,6.83470138999802e-22,9.55691177929188e-31,1.34958559851283e-25,4.63005597710938e-19,2.65324246637089e-27,9.4232597397146e-30,1.41529937979964e-23,1.0734851541765e-21,2.99866393357002e-22,1.41226113970063e-32,1.69306423092497e-16,1.40567466136108e-18,3.03638247583339e-30,5.81954253510143e-22,9.95804928087511e-20,3.44630903016483e-26,1.46223710565707e-21,6.54413213142394e-20,5.77085052435967e-19,1.88830231394446e-20,2.48821720714046e-22,3.63907894647374e-20,1.76705499082688e-21,1.09979926586596e-20,1.0408152922547e-25,3.31323598296555e-22,1.67412845211268e-31,3.38711726442573e-25,1.26585671809441e-22,7.00254550956393e-30,2.81848749079188e-22,3.01854119453162e-18,2.09942600029948e-30,1.36184843638912e-25,8.67245729970781e-22,5.15879375015476e-28,3.83784314711804e-18,2.10359679356282e-21,8.08935087611208e-30,9.98071948217395e-22,2.40473896298873e-22,2.24956440859217e-27,1.44064032317109e-22,5.86174536621051e-24,2.43821725531427e-19,1.13245316156568e-22
"1_E3_Slot1-1_1_1322",1.76053613911568e-35,6.92009413862325e-39,0,1.20514836150483e-41,3.19675529963705e-38,1.49212794404349e-41,3.70040314797149e-36,6.02204977584207e-41,2.98295912556427e-44,3.70309701016004e-40,9.75069992579532e-40,1.09629502636432e-39,3.9185634621206e-39,9.39601761650655e-35,2.51911384547162e-41,3.4734768187648e-29,1.05314763772113e-38,1.35864214951733e-43,7.5642574272352e-38,2.15364679924912e-42,1.8468322056695e-30,4.71769136568046e-39,4.13205412488148e-22,2.74319968644654e-22,6.78451763974788e-24,1.62792569233337e-24,8.4997566119051e-24,2.58611540268551e-34,7.13360725074098e-27,3.58236487088218e-20,1.64704873819263e-30,7.44372295670022e-36,4.631816814141e-26,1.82028075552435e-24,1.27255003652874e-24,8.70930104826608e-39,1.59787241613747e-17,2.665747466204e-20,4.80181676186216e-34,1.16947298620597e-25,3.51912465884715e-21,1.00860737806712e-30,4.36622742997386e-22,1.55946707203018e-22,1.13553692749138e-19,1.28363191298843e-23,9.14914586119138e-25,1.37584220196675e-22,9.26003024561962e-25,2.09123077292613e-22,3.61440743923509e-27,3.08213288369505e-25,5.29375043048019e-32,3.33225375551858e-26,3.13954790105075e-25,4.11991479272296e-35,5.19403052866602e-23,4.31796880082617e-21,6.17907054195015e-35,1.01474742326375e-26,7.37938132956962e-26,3.39369213086771e-33,1.5972609322042e-19,2.05002934991413e-24,1.14423901206794e-30,4.59560347958443e-23,8.1246672868971e-26,1.12150425861545e-34,3.52369043117402e-25,3.2015543679043e-27,3.69973119989219e-20,6.24679959322579e-24
"1_E4_Slot1-1_1_1301",2.48050515742211e-30,1.95496629995926e-38,1.20514836150483e-41,0,8.03312271444233e-46,1.27731411154274e-35,5.08676611253668e-27,6.60677575064169e-49,1.36542099900705e-36,5.13891315688807e-38,7.83841569623742e-37,5.18730015451619e-33,2.76710037459213e-40,6.88935055647349e-31,9.31165237938882e-35,1.51878123592155e-29,2.84163784718228e-33,1.13581714746354e-39,4.15079505671463e-34,2.91205002420624e-34,2.86783875574256e-29,2.40953109993013e-31,4.32201312578911e-20,8.61595541053865e-24,6.67548966465777e-23,6.47361587328095e-22,3.89286451562104e-23,4.37223841739102e-30,7.12302576551942e-24,6.34857760735588e-19,9.83729580922718e-30,4.00780927105628e-30,1.10209850052567e-24,1.07030061170603e-21,4.41187137073065e-25,6.9649556966228e-33,8.27160694544746e-18,2.95245580805343e-18,1.35072553754359e-29,9.35801911585325e-23,1.04564879213876e-19,2.12697933647317e-26,3.8049997837825e-22,4.01369553109792e-20,4.86549728476868e-19,1.4276858296206e-20,9.87725111608049e-22,5.72282422879543e-21,5.43097536094038e-22,3.43145728210023e-21,3.2973041514755e-26,7.22210645159751e-23,7.47361514996469e-28,1.70981137331426e-26,1.07970825438697e-22,7.63849751787034e-31,2.55984878532781e-24,2.0020177194572e-18,9.60870688885755e-30,2.06177898881336e-27,1.81354222216627e-24,2.39920397093709e-27,7.99629200534989e-20,3.25793181729035e-23,1.85995927356308e-26,3.58602419143408e-23,6.61271567391271e-25,1.01358935403706e-28,8.01434075200912e-24,7.79243207454686e-27,5.10507290788149e-19,8.0204562091203e-24
"1_F3_Slot1-1_1_1323",1.07940823816981e-29,5.74979395040391e-35,3.19675529963705e-38,8.03312271444233e-46,0,5.32227032343253e-31,2.60583166290344e-25,9.19924607981166e-46,5.35016908855279e-32,8.33675854327682e-38,1.05822991476136e-33,2.34559765440665e-33,5.54568595526941e-41,2.38648493266851e-30,4.53602681926923e-34,5.87863993361722e-25,1.11392976623047e-35,1.08187502010557e-43,3.80943969206765e-31,2.34370070945914e-31,8.14736828551673e-28,2.9695830613315e-29,5.5221257714162e-21,5.43637570372043e-26,1.89529554678301e-25,1.16361199842637e-22,2.0648432635131e-23,2.94442970152714e-29,4.16960227614295e-25,7.68885957334905e-21,2.14751559896452e-30,1.01541151468807e-31,5.45457875336438e-26,1.02519299421114e-21,8.24720094909347e-27,3.97616117260171e-34,3.77091088297393e-20,1.09689184851586e-18,6.01828530427745e-31,4.4290015697681e-23,1.05181366334826e-20,2.96017301089433e-28,5.03406471897473e-24,7.10147166991259e-21,4.96129535602122e-21,1.71822061494715e-20,2.80186674879657e-22,3.42646133725524e-22,1.0774471595541e-22,3.30904329324097e-22,4.13957614920989e-28,1.72963483631414e-23,3.8971693798763e-28,3.12101520204159e-28,6.68199255728047e-23,3.29712193126141e-31,5.45419872175948e-26,4.02275466359632e-20,1.35910141020083e-31,6.4321274189215e-28,3.68846259174132e-26,1.95574150630918e-28,8.26330454663977e-21,6.84438534499489e-24,2.22945602048446e-25,1.68738343372332e-24,1.49475331718961e-26,9.28952947336212e-31,9.33834047031999e-25,1.62619945868363e-28,5.31450647532419e-20,2.80113213363923e-25
"1_F4_Slot1-1_1_1302",1.06943471246668e-33,1.7074921776078e-38,1.49212794404349e-41,1.27731411154274e-35,5.32227032343253e-31,0,3.13398394301225e-36,2.78646262396513e-38,1.0407552100332e-45,8.86772753681297e-32,8.11687652936971e-46,3.11990993082786e-39,3.75552843555321e-32,2.60469594936774e-34,1.73994585762336e-40,5.1717907612897e-27,2.1849509359598e-40,1.36268033067465e-36,5.46769038864054e-36,1.84603737069793e-48,6.16936188643366e-28,6.01960944053966e-43,1.47286360963939e-25,4.97802732017519e-19,9.75298669654954e-25,2.24691549088454e-27,1.55051499931625e-23,1.56059455512475e-35,5.43945301718615e-32,8.69899800131266e-22,1.9724567558041e-29,1.94201493188235e-36,4.1581402845041e-30,8.77138772286525e-29,4.38813628952804e-23,2.59458776175264e-41,1.4279170429891e-18,1.04700692607992e-23,4.6728472410389e-35,5.35288438830882e-30,2.97116427632148e-24,8.03913085001813e-32,2.56250295633814e-24,1.63543294078853e-25,1.62714372982824e-20,6.1617419150217e-27,1.67732058928879e-28,1.2773485772751e-24,2.59559403674656e-27,1.3772776127865e-25,7.42737062162675e-29,3.74930442955564e-29,1.60980931789471e-35,8.23542966709126e-29,2.71513031043319e-29,3.56176243403265e-36,1.855816459673e-25,3.80842783477905e-22,1.52101353632831e-33,2.13094979582643e-27,2.45839062774674e-27,8.39094356693139e-34,8.69296530007551e-22,4.62919572138124e-25,8.16768321905732e-35,1.34805576995446e-25,4.00178861633022e-28,1.06697451334557e-32,2.2720425604188e-28,5.89085484557613e-29,1.69591517852476e-23,3.70448679981278e-27
"1_G3_Slot1-1_1_1325",2.55306097203439e-38,4.32879209963997e-31,3.70040314797149e-36,5.08676611253668e-27,2.60583166290344e-25,3.13398394301225e-36,0,4.11211917862453e-27,4.0358778030144e-41,5.78651042935278e-27,1.03444004597381e-37,1.01780980258533e-40,7.26002097833528e-29,3.90369459059045e-36,2.78113518586561e-38,4.3460668863821e-27,3.45384744947932e-30,1.48097842080786e-28,3.25575734502055e-38,1.29126584274949e-41,4.99068742797309e-24,1.54691523148235e-44,8.74755887555102e-26,4.29625827169866e-17,1.21065403511924e-23,1.38669759405778e-25,1.41305185508659e-22,5.88403039132571e-33,1.61436818231371e-29,1.32139982717777e-22,9.8085941450348e-28,7.01070771250298e-37,1.40931051257833e-25,1.25163291875598e-27,8.51385555941755e-23,4.86941295805459e-37,3.19599635630263e-17,3.33746127869625e-24,2.20200204593618e-37,1.21497530245526e-26,2.02551358791895e-23,4.94744718896908e-34,6.09315792119811e-23,1.24041555862598e-24,7.5900282971823e-22,1.12447841158748e-27,4.02931138403249e-28,9.14626807427473e-25,4.92901106081949e-27,6.21778284945537e-25,4.24885709239636e-28,8.34192973398144e-27,2.31872532991517e-34,2.71530384698604e-26,1.14226424811386e-28,7.54258790629148e-31,1.25912581256694e-21,7.09281099855179e-24,1.337014408526e-34,3.30296025709435e-27,4.36369380564587e-25,6.43311786999451e-33,1.12625200845808e-19,2.49789414147549e-24,4.72829498494999e-40,1.39090876767252e-22,5.00744144474215e-24,7.33794710903961e-31,2.11755623089538e-25,5.35306549746417e-23,1.06912671904561e-22,2.72432938042103e-23
"1_G4_Slot1-1_1_1305",5.15116521531795e-28,1.32153777886453e-37,6.02204977584207e-41,6.60677575064169e-49,9.19924607981166e-46,2.78646262396513e-38,4.11211917862453e-27,0,4.45840877271923e-37,1.67214549543712e-42,2.68158381995702e-36,9.032105055124e-34,1.5799695818199e-39,4.81980429292237e-29,2.95929171442596e-35,3.23298193375749e-27,1.01168721651147e-37,7.79160935648869e-46,6.39006319607234e-32,1.64650180215194e-34,6.07350954232107e-30,1.69861827891873e-30,3.85360709440851e-21,5.87223103395333e-25,1.29816598961692e-24,1.556492024624e-24,1.52448870738904e-23,9.51848418949176e-31,1.25128142020055e-26,5.17363219706042e-20,2.79421187398401e-31,1.50896999742131e-31,6.24444306230327e-28,2.47963010431708e-23,2.78371613344725e-25,4.16701473748858e-37,2.10756789348397e-19,5.07293919221644e-19,5.28255649530216e-31,5.17490021749775e-26,2.18514367132046e-21,1.18063130476183e-27,6.15661331046443e-24,6.96133677306449e-22,2.19601953836003e-19,1.34018713960074e-21,3.44371923677304e-23,6.04102843574786e-22,2.39175457332352e-23,1.17057421164901e-22,3.83310071552578e-27,1.38514251675502e-25,5.12538785472658e-28,2.90118774982956e-28,1.02160472132031e-23,1.50529161255741e-31,6.8671309215546e-26,1.68089835718106e-20,1.02456474757682e-29,8.01867319639597e-28,8.75455425362056e-27,9.21188895376912e-29,8.7810339175092e-21,9.67458728327254e-24,1.15604975021609e-26,3.62927469164859e-25,1.0974838973991e-27,9.11183075871909e-32,3.4373248967201e-26,1.14555208559441e-30,1.29687085008451e-20,5.10471227495671e-26
"1_H2_Slot1-1_1_1341",5.06949039298464e-33,6.3704754333494e-37,2.98295912556427e-44,1.36542099900705e-36,5.35016908855279e-32,1.0407552100332e-45,4.0358778030144e-41,4.45840877271923e-37,0,1.25630301906142e-36,4.16463901976434e-43,9.85400636766947e-43,4.86406874957139e-39,6.34615679760859e-34,3.58017945480139e-45,3.47483570595607e-34,1.89428843647447e-35,9.87392221018497e-35,6.32258145300457e-37,6.45793902098088e-42,6.43438888196778e-31,7.95880492215007e-41,6.29825875397501e-26,1.72026251952846e-20,1.09357810450977e-25,1.41118189970887e-27,8.6113226989479e-24,6.56290027425501e-34,2.15797292799185e-29,1.4313434356083e-22,9.04499705390787e-32,1.4648425871765e-38,1.67701179560816e-28,1.70922136100372e-28,8.30323386105389e-25,1.14946574562144e-41,2.07035059633211e-18,3.02964498019636e-23,1.15621494391278e-36,4.27148342367409e-28,2.46910463274463e-24,8.74347085404994e-34,1.74621088614601e-25,8.20271094984261e-26,6.59949389139912e-22,1.01962951868664e-26,5.63513607864878e-29,5.22002445077416e-26,2.17351529722183e-28,3.63209432292017e-25,2.01711879853226e-30,1.13868537654798e-28,7.9334315782432e-34,1.38279703152132e-29,4.53255223839492e-29,6.75821125741888e-37,8.92509981861887e-26,7.98116474290944e-23,7.00820258929789e-36,1.97990809005227e-29,3.12281739049554e-29,7.66511519514176e-35,3.05456385780419e-21,1.22724866403841e-26,1.68844952195673e-36,4.36879262734201e-25,4.41405773585036e-28,4.12476364065572e-36,6.83548168209823e-28,1.77360276003611e-28,1.91836595493916e-22,1.47289733512468e-26
"1_H3_Slot1-1_1_1326",1.86264502275147e-24,1.98437417196282e-29,3.70309701016004e-40,5.13891315688807e-38,8.33675854327682e-38,8.86772753681297e-32,5.78651042935278e-27,1.67214549543712e-42,1.25630301906142e-36,0,1.09628215298122e-29,2.0201612018745e-31,1.48340797322822e-47,7.32173150900419e-25,9.11506761989618e-32,2.91646658449626e-29,1.70360514262694e-31,1.28021445412682e-39,3.3418207543276e-29,2.09758052788663e-29,2.08457271634856e-31,1.26776231345772e-27,3.57504764056879e-20,1.74887246239156e-28,3.90842442536687e-24,7.36081803949222e-24,1.8495037725685e-22,2.13249057256618e-28,5.39791263261754e-24,7.82403770473585e-19,1.84110878723226e-31,4.22172055371085e-31,2.8819647923013e-25,1.04952533167699e-21,3.3205837843297e-26,2.77144833859727e-34,4.41226584056789e-18,4.05753339163308e-18,6.39891006589384e-30,2.71155815882876e-24,6.79999912507267e-20,2.05166834228649e-27,2.12421341874942e-22,1.97720536164298e-21,2.72857059222988e-18,1.23172310602313e-20,4.41023810649928e-22,2.33477024539121e-21,1.36227949969501e-22,8.0856589392002e-21,1.08713116578635e-25,4.32690650406691e-25,1.03399374990954e-24,2.09849090556627e-25,3.56291842796027e-22,1.63394882932503e-30,2.4194713621464e-23,4.00859009013736e-21,2.36990217600768e-29,2.4842920447042e-26,3.06314839123673e-27,3.37135118179375e-28,1.77697945333453e-18,1.77496508032266e-22,1.33062866020623e-24,2.58673573980401e-22,2.28195723884486e-26,1.01017126087697e-34,3.90468385892148e-24,3.33674497282198e-29,1.85294015566428e-18,8.20942247308254e-23
"1_H4_Slot1-1_1_1306",5.68146432055078e-41,4.26375629622303e-40,9.75069992579532e-40,7.83841569623742e-37,1.05822991476136e-33,8.11687652936971e-46,1.03444004597381e-37,2.68158381995702e-36,4.16463901976434e-43,1.09628215298122e-29,0,2.03793402720867e-42,6.07280336069874e-33,1.87674938925619e-45,9.48743743554507e-47,4.3464653479632e-29,1.50151561470768e-39,1.24326332093288e-34,3.36786320793515e-37,1.96132053353895e-45,3.59450401661751e-29,1.37628647552848e-47,1.91419350323239e-27,1.06580254891525e-18,1.68945582621626e-26,1.4844258281059e-27,3.73638852406312e-24,1.10582835555217e-35,1.1339007452002e-32,7.98053436471045e-25,9.02721037159052e-31,4.24792394270766e-39,8.55903172957682e-31,1.53723151686581e-29,1.84618472423398e-24,2.43126049646483e-41,1.9274583658032e-20,9.29661781678813e-25,2.28462453269717e-37,1.14150647663402e-29,7.43912236788281e-26,3.600843741431e-35,2.81752165264734e-27,5.41614696517703e-26,3.36345594083481e-24,2.40510750884547e-27,5.49890267987239e-30,5.24596453717187e-27,3.41516715364035e-29,1.01032318635535e-27,2.56269740899237e-33,1.50839995588951e-28,5.39034148333477e-42,4.12575819852209e-32,2.18306985290373e-31,4.02868375803967e-38,4.83937523180899e-28,4.26227620775725e-23,1.22310511158423e-37,1.67124550395338e-28,3.11278797836903e-28,6.83991689686321e-37,2.03311224445718e-23,1.08560685882086e-28,5.26372469038334e-36,1.34220319435914e-26,1.75907974439073e-28,1.43134200631523e-32,9.49748623575555e-30,3.90906949265635e-28,3.57491197708025e-24,8.66958335711087e-29
"1_I2_Slot1-1_1_1342",7.33653513453878e-40,3.26376700357339e-40,1.09629502636432e-39,5.18730015451619e-33,2.34559765440665e-33,3.11990993082786e-39,1.01780980258533e-40,9.032105055124e-34,9.85400636766947e-43,2.0201612018745e-31,2.03793402720867e-42,0,2.484698956171e-34,2.65682182951224e-35,6.34592503157593e-49,8.93379116383265e-26,3.22344605199738e-39,1.72787263334236e-38,7.41026192999464e-40,6.8108557554318e-44,1.06134052828528e-25,1.60515582036337e-44,2.71883882902147e-26,4.10525149373431e-20,8.64788872193034e-28,2.98256753782697e-26,2.64688275707247e-24,1.16855479411023e-35,7.50586804297273e-33,3.25423617697328e-24,1.38114206969673e-31,1.64203568145138e-42,4.04626412362782e-28,1.56879732687873e-26,8.95045583867989e-27,1.0022999353327e-43,1.73166266052011e-19,1.00800926682904e-23,6.70906176438824e-45,3.69903276548723e-26,1.93019198705004e-24,8.11434114642633e-37,1.63639472140603e-26,2.97835120392879e-25,5.53415049938529e-24,1.95358442832498e-25,1.4019172155214e-27,1.44989401603166e-25,7.7042337956091e-27,3.46078215095211e-26,5.66885389950798e-33,1.58833814862627e-28,3.95695900379729e-38,3.35495940684115e-30,3.44537304162564e-28,1.21254837013936e-35,5.40073393664319e-25,5.66426977375554e-25,9.23009483971842e-43,4.01295600222881e-31,2.39558238157161e-27,2.66770820075643e-35,6.33329552577292e-21,1.37950452546854e-24,3.70650093046059e-38,1.53164393747771e-24,1.47812149928953e-26,2.53237993759341e-35,5.93902443919669e-27,7.22848760733279e-27,1.41627559166642e-23,1.13427587549622e-25
"1_I3_Slot1-1_1_1327",1.66542206472554e-27,1.06815303723949e-29,3.9185634621206e-39,2.76710037459213e-40,5.54568595526941e-41,3.75552843555321e-32,7.26002097833528e-29,1.5799695818199e-39,4.86406874957139e-39,1.48340797322822e-47,6.07280336069874e-33,2.484698956171e-34,0,1.19151733349209e-28,4.27545854934681e-34,8.52417150692873e-31,1.5629900379597e-31,1.38620191067627e-36,1.31889156595128e-32,3.67277860060162e-31,2.7450488215718e-30,1.93474957967974e-30,7.53750583427297e-24,3.22063645540607e-28,1.86341554624992e-27,1.18717029251681e-25,3.03409562010374e-24,3.28122596782503e-30,5.05297675900447e-26,2.05214724943936e-22,4.36585234064424e-34,3.73928888347918e-36,9.84363350660716e-28,1.59550654879083e-24,9.95071729887978e-30,3.17825696205155e-37,2.56437945933928e-20,2.87816403518641e-21,4.40100942283061e-34,3.23830875881871e-25,1.04704774541363e-22,2.13177245761161e-32,6.25517959076583e-26,7.20516339884108e-24,2.04814957858682e-22,1.55189656556196e-23,3.94041154835466e-25,1.49781100816817e-25,4.74741838229282e-26,5.21463177671336e-24,2.09143559415259e-30,5.33712217370359e-27,6.9133854382469e-28,2.90351803419853e-30,1.40076773250686e-25,4.63787090148607e-34,2.76598041400272e-27,9.97111936612825e-23,3.8552386758779e-34,1.34974021118331e-31,1.26297249886053e-31,5.87098872295663e-31,6.37564976044729e-22,3.67835724001448e-26,2.90503318067771e-28,1.00321868042598e-25,7.75090863456758e-30,7.12122819706583e-36,3.92989916470075e-27,9.97883752807544e-31,3.41863843861861e-21,2.13299504535678e-26
"1_I4_Slot1-1_1_1307",1.00024561672492e-47,1.76805132336909e-33,9.39601761650655e-35,6.88935055647349e-31,2.38648493266851e-30,2.60469594936774e-34,3.90369459059045e-36,4.81980429292237e-29,6.34615679760859e-34,7.32173150900419e-25,1.87674938925619e-45,2.65682182951224e-35,1.19151733349209e-28,0,3.20556056520131e-38,5.05003332032909e-26,2.42797252180723e-33,5.71864432015363e-29,3.18590578424576e-35,3.63069524868344e-39,2.26028445286983e-25,3.78193329890054e-43,1.68182009029361e-26,7.40133303045977e-17,7.0559098011898e-25,3.48681835915115e-25,1.89951148193898e-23,4.18634661219585e-32,4.89190160951801e-29,5.61073039379185e-25,1.72227886416453e-27,6.94491633544568e-35,1.83898841999487e-27,1.2361707158153e-27,6.86965339275039e-23,1.99344289164159e-34,5.80858969450915e-20,1.2290043467063e-24,8.95385984281054e-34,9.90914704375271e-27,1.45325095645306e-24,8.3192231535637e-33,1.10656326123826e-24,6.24953020853344e-24,5.15534117173901e-25,6.31195116056922e-27,2.37038750277372e-28,5.52109762366607e-26,1.34134196433056e-27,8.97652452742444e-27,6.1293424768939e-31,2.5146176193044e-25,1.79918007959251e-40,8.17196187284559e-30,1.87400786061761e-29,1.21806282336621e-32,1.11646146156068e-25,8.31182758354114e-22,7.73172306465968e-35,1.55359453727862e-26,4.83885200369924e-25,6.51763073590706e-34,1.95156990113465e-23,2.57257838102527e-28,3.09862231094471e-33,1.00791446988034e-25,5.60086794750795e-26,4.64498058300968e-28,1.2831184162589e-27,1.30711941135038e-24,3.80400151614628e-24,4.06402568945532e-27
"auto_2_E2_1cell_Slot1-1_1_3420",7.60908018093368e-38,3.89204221219693e-41,2.51911384547162e-41,9.31165237938882e-35,4.53602681926923e-34,1.73994585762336e-40,2.78113518586561e-38,2.95929171442596e-35,3.58017945480139e-45,9.11506761989618e-32,9.48743743554507e-47,6.34592503157593e-49,4.27545854934681e-34,3.20556056520131e-38,0,2.25702853232395e-29,3.43049374109929e-42,1.56900257831796e-36,1.40123766162942e-34,1.20005313323211e-39,9.47994337622163e-31,5.604450452395e-43,1.15365357743989e-26,3.52510963994106e-20,3.98334215901778e-27,6.62861656703964e-27,6.19045529116795e-25,4.17098823047121e-34,1.5295510870782e-31,2.88792238725301e-24,2.82338747216826e-31,7.07493640833567e-42,6.29145695139927e-29,1.03719795130978e-27,5.01786782919941e-25,5.34117535140176e-42,1.6199534583137e-19,2.5222339426743e-23,6.03502011130635e-38,2.54141530285403e-27,3.97119338057564e-25,9.97343056601941e-36,3.22564546659968e-27,3.52824356240194e-26,4.65089095308437e-24,1.23655428743068e-25,1.61398389020633e-29,1.18872094610643e-26,1.28223957729444e-28,2.52560202945672e-26,1.84399261549745e-33,4.75959418961246e-28,3.54317350371875e-41,1.42696740514712e-30,4.83867339441939e-30,1.69627862910307e-40,5.17399629268234e-27,9.92627045705902e-24,1.00785065396426e-42,1.76575366528672e-27,1.06258462650634e-28,1.22103703171205e-38,1.97208648429074e-21,3.08665160230929e-26,2.72171940269226e-35,1.50248060261373e-24,1.9629818769973e-27,3.01623492421935e-38,9.90159640966665e-28,2.83309914667872e-28,8.69899962891862e-23,4.24708555602172e-27
"auto_2_E3_1cell_Slot1-1_1_3418",2.36997651614314e-23,2.5129840477334e-25,3.4734768187648e-29,1.51878123592155e-29,5.87863993361722e-25,5.1717907612897e-27,4.3460668863821e-27,3.23298193375749e-27,3.47483570595607e-34,2.91646658449626e-29,4.3464653479632e-29,8.93379116383265e-26,8.52417150692873e-31,5.05003332032909e-26,2.25702853232395e-29,0,5.17844128831137e-24,9.04585043390634e-24,8.96536415991546e-25,8.31895745796848e-25,6.99610827742507e-35,3.29322231276082e-26,3.4073349749186e-20,1.63331067785402e-18,1.09559142689371e-19,1.88480605484978e-21,1.9833961309391e-19,1.12988284811769e-23,9.99222124716246e-20,3.00925254594971e-18,2.87377262243736e-26,1.22696183137071e-25,2.24718029584835e-21,1.76178805567564e-21,1.08734083200172e-20,5.92474594737054e-26,1.20750904880865e-15,7.57123666871805e-18,3.25429400594846e-24,7.32544219085477e-22,4.44821240970756e-19,7.85269174598086e-24,6.08527472585315e-21,6.02276108894832e-20,1.65947185167953e-18,6.47049802445867e-20,3.70813133500729e-22,3.06518494938542e-21,2.08117417441439e-22,1.98463602812156e-19,5.55424460098338e-24,1.57458885705638e-21,5.58111833075336e-24,5.95879867705876e-23,6.11307237475071e-22,2.41703320713494e-27,4.41686979568474e-22,5.70952337612685e-18,1.89513624583398e-25,4.28943123887196e-21,1.816536325558e-23,2.97227216763214e-26,2.35369808363541e-17,2.46738795501315e-23,4.35759730028064e-23,3.61491919475411e-19,5.27290702614784e-22,1.64458701900735e-26,3.16995588835583e-22,9.95564017533578e-23,1.54889801117045e-16,1.323838485785e-20
"auto_2_F2_1cell_Slot1-1_1_3421",4.79800584031314e-32,3.20273841454891e-37,1.05314763772113e-38,2.84163784718228e-33,1.11392976623047e-35,2.1849509359598e-40,3.45384744947932e-30,1.01168721651147e-37,1.89428843647447e-35,1.70360514262694e-31,1.50151561470768e-39,3.22344605199738e-39,1.5629900379597e-31,2.42797252180723e-33,3.43049374109929e-42,5.17844128831137e-24,0,5.36040430786845e-43,7.38880099203219e-30,1.06012450248013e-36,1.01420973237837e-30,5.2591454488832e-37,1.61330365307836e-25,4.59730239320899e-20,2.21169198200617e-27,1.6112409471963e-28,8.86954351614762e-24,5.02114378850113e-33,1.34326425011569e-32,2.94164828194594e-24,7.33692007751899e-30,2.23395194374445e-36,1.11889933917183e-31,1.14587854879534e-27,7.56788396281126e-24,1.14715004377689e-39,2.95965825640797e-21,3.08715934955954e-23,3.15322699228237e-34,7.16713194547473e-30,2.18435689007926e-25,2.4979640116004e-32,5.55101765514498e-26,7.42273314794179e-26,3.60890134448659e-23,6.26317850924112e-25,8.35848499476721e-28,4.187258931578e-25,1.34256936887789e-27,4.68068790296497e-26,4.49665424958362e-31,4.25306100642128e-29,3.48004369878213e-38,7.47276808276846e-30,2.87153414451656e-27,3.95738761548559e-39,4.53330450112741e-27,1.36849932517266e-24,6.2444600779635e-37,8.47217169335606e-25,6.85218685748765e-28,2.10423179245716e-39,9.97260920206443e-23,2.83508855526532e-26,1.77899970147384e-28,6.11778018593669e-26,4.49995650933148e-30,8.29681054550829e-36,2.10537732114074e-30,5.82683310427518e-33,9.86115478235535e-24,1.33726396525589e-28
"auto_2_F3_1cell_Slot1-1_1_3419",1.39743879924017e-30,1.9124815766376e-38,1.35864214951733e-43,1.13581714746354e-39,1.08187502010557e-43,1.36268033067465e-36,1.48097842080786e-28,7.79160935648869e-46,9.87392221018497e-35,1.28021445412682e-39,1.24326332093288e-34,1.72787263334236e-38,1.38620191067627e-36,5.71864432015363e-29,1.56900257831796e-36,9.04585043390634e-24,5.36040430786845e-43,0,4.03458253732495e-33,5.28268207333388e-36,1.50639736818317e-27,1.8869570241285e-32,6.75236991839059e-21,3.40778457976268e-24,6.28479732473691e-25,1.30106212855205e-23,3.56120833873188e-23,3.65090267636845e-32,1.59537148573045e-27,5.39357285812417e-20,6.05589438045976e-31,1.70865028717908e-33,2.2411171032155e-26,3.15792536265213e-22,5.62214524010546e-26,1.96053089491507e-37,8.20576749472178e-19,3.81657523695972e-19,2.51221128858333e-33,1.00451695683605e-24,1.66253083188459e-20,7.79311432810278e-29,8.68839889410573e-23,2.38103942251638e-21,2.00658514825636e-19,6.2402930027902e-21,1.95031149453444e-22,4.26856102449673e-21,1.83008922446586e-22,4.64031260953661e-22,3.98152407639899e-27,1.9077500741426e-25,1.49708897704476e-29,2.13406079684387e-26,7.88995598525238e-23,3.17827884285444e-32,2.70410106995327e-23,8.92745029872475e-22,7.44742221841228e-33,1.18432800120467e-26,4.26518453541546e-25,2.49795094663553e-30,3.96396959526374e-19,4.31283857254148e-22,9.19013676622163e-27,4.66161998688009e-23,9.42725412154185e-26,7.99902032647158e-33,4.98414364883874e-25,6.88865930617534e-29,5.1406002449352e-20,1.12432767533427e-23
"auto_4_D3_1cell_Slot1-1_1_3495",1.38092900360429e-39,9.4325693935933e-34,7.5642574272352e-38,4.15079505671463e-34,3.80943969206765e-31,5.46769038864054e-36,3.25575734502055e-38,6.39006319607234e-32,6.32258145300457e-37,3.3418207543276e-29,3.36786320793515e-37,7.41026192999464e-40,1.31889156595128e-32,3.18590578424576e-35,1.40123766162942e-34,8.96536415991546e-25,7.38880099203219e-30,4.03458253732495e-33,0,1.84294414575468e-44,1.33120327521708e-21,9.59499706471703e-40,2.20655037613134e-22,4.02599368533171e-20,1.03542638003649e-23,1.19557188054426e-22,5.10166236742615e-24,5.4399245702193e-35,1.2706027724672e-27,1.68268903965768e-20,1.927015315434e-28,1.45733373307507e-34,1.86630889409429e-24,1.0832055689901e-23,1.08945409671549e-25,3.40998621242131e-37,1.3855511013977e-17,3.47825426701756e-21,1.62024863637163e-39,1.44414462814452e-23,6.24450870436387e-21,1.75703473746297e-30,1.04522674530547e-21,2.83144000724908e-21,1.94708546018569e-20,7.94563012379512e-24,3.13399592612593e-23,6.49015242967371e-22,5.47031413681902e-23,7.50045960691344e-24,7.42814862245336e-27,1.42907385913252e-24,1.70297843310881e-30,2.60248089266009e-26,2.64961204781992e-25,4.62036823953211e-28,2.81520924949858e-21,1.08886888436974e-21,1.55570257031125e-32,3.93990276485723e-32,1.64870245200081e-23,2.34580559881322e-27,4.9468246073522e-20,1.51358976317063e-22,7.28816355812594e-36,4.52722165944493e-23,3.68608828046485e-23,1.02808424096296e-27,1.0676224137399e-23,1.49359140763691e-22,5.69662430739887e-22,1.32570901353347e-22
"auto_4_D4_1cell_Slot1-1_1_3492",2.84292269875933e-43,9.23310013983403e-41,2.15364679924912e-42,2.91205002420624e-34,2.34370070945914e-31,1.84603737069793e-48,1.29126584274949e-41,1.64650180215194e-34,6.45793902098088e-42,2.09758052788663e-29,1.96132053353895e-45,6.8108557554318e-44,3.67277860060162e-31,3.63069524868344e-39,1.20005313323211e-39,8.31895745796848e-25,1.06012450248013e-36,5.28268207333388e-36,1.84294414575468e-44,0,6.33134472535829e-24,8.953220012489e-50,1.46793278623097e-24,2.8561835890696e-18,1.51728678008921e-24,2.6377185094164e-25,1.25283518820714e-23,6.75517039416496e-37,1.53295341180767e-31,7.11415498599621e-22,1.30376743186447e-28,1.7450987501078e-36,1.17962257468157e-27,5.27274673346485e-27,1.16574436482771e-23,1.05575114130845e-40,3.71725290265954e-18,2.08227639573811e-23,4.28704686562833e-38,4.28187323231469e-27,3.8438141311723e-23,2.0222553349065e-32,4.09629483411254e-23,8.9866989616846e-24,5.68327849304408e-21,1.02314082602762e-26,9.98433782709965e-27,1.27408036689957e-23,1.0479445882729e-25,3.85621813394438e-25,2.75348972809572e-28,7.88288609848979e-27,1.97321831887656e-36,4.60777227732409e-28,6.08557768262176e-28,3.01312241545665e-32,2.64311789501182e-23,6.94432567028962e-22,3.16191409250617e-34,7.25660259252481e-30,7.27549145214893e-25,1.04285766368181e-31,3.37415582002892e-21,2.63219948123377e-24,1.65782372697761e-39,3.47758006482086e-25,1.13362773246179e-25,9.11836227140933e-30,2.17074864136468e-26,1.9013548492812e-25,7.02393387176481e-24,1.72159753606043e-25
"auto_4_E4_1cell_Slot1-1_1_3493",3.76318906720627e-22,1.41732852771326e-25,1.8468322056695e-30,2.86783875574256e-29,8.14736828551673e-28,6.16936188643366e-28,4.99068742797309e-24,6.07350954232107e-30,6.43438888196778e-31,2.08457271634856e-31,3.59450401661751e-29,1.06134052828528e-25,2.7450488215718e-30,2.26028445286983e-25,9.47994337622163e-31,6.99610827742507e-35,1.01420973237837e-30,1.50639736818317e-27,1.33120327521708e-21,6.33134472535829e-24,0,7.94015565560231e-26,2.65069536238306e-21,6.79140751532877e-20,4.33422632533706e-22,4.64404065229659e-25,4.45584604713195e-20,4.73707617318521e-24,3.79937395299487e-22,4.20445782220818e-20,6.83207623103019e-27,7.21661013350888e-27,3.44696271282326e-25,2.41554236692585e-23,1.10301993156388e-20,3.1278695359508e-27,3.67934728769118e-18,8.25129608393038e-19,8.16774295563199e-24,1.17189954806246e-25,2.22082883018181e-21,5.93695194379088e-25,6.77188266580179e-23,1.51039333964106e-22,1.00689445689528e-19,1.16638589592793e-20,4.65072432470195e-24,1.44597327569622e-22,8.77201805329743e-25,7.25691288605823e-21,8.07275036949834e-26,3.08958783489215e-24,2.73041881438513e-26,2.42659657082313e-24,7.58249911988073e-23,2.89080343868632e-33,3.77568013355573e-25,3.32934098630752e-20,2.1323044278799e-27,4.00994383681278e-19,2.74859022154505e-26,2.29073653172652e-32,4.76276846072839e-19,1.12395484820814e-25,8.46258231914762e-21,9.60223526475579e-21,2.38350639781516e-26,9.42095651014223e-32,7.93068425117415e-26,1.45334924186588e-29,2.10422374396267e-17,1.77656652260752e-23
"auto_4_F4_1cell_Slot1-1_1_3494",4.73196841883326e-44,1.92326198044693e-35,4.71769136568046e-39,2.40953109993013e-31,2.9695830613315e-29,6.01960944053966e-43,1.54691523148235e-44,1.69861827891873e-30,7.95880492215007e-41,1.26776231345772e-27,1.37628647552848e-47,1.60515582036337e-44,1.93474957967974e-30,3.78193329890054e-43,5.604450452395e-43,3.29322231276082e-26,5.2591454488832e-37,1.8869570241285e-32,9.59499706471703e-40,8.953220012489e-50,7.94015565560231e-26,0,8.69873436007287e-28,7.79150735225959e-18,1.25966618651373e-26,1.77004377986486e-27,1.51269483493949e-24,9.44319184349713e-38,7.72240335641821e-34,2.22107284836879e-24,1.82716987955628e-29,1.59653327296415e-40,3.64519726193109e-29,1.87436248708931e-29,1.90105649859796e-24,1.51635474460166e-40,2.30380691601424e-19,2.92210049045904e-26,7.96638336694723e-41,7.64886510581528e-29,1.77742720487111e-25,2.39532391469337e-36,5.46462157210774e-25,2.0574068201955e-26,1.37878041816623e-23,4.85427498029457e-29,8.87179350110178e-30,2.97384043320323e-26,8.4410896220111e-29,4.61477266170281e-28,2.97203875401523e-32,2.42936909775127e-29,2.81130872017123e-44,9.10203193369233e-30,2.27274982366413e-31,1.72786948522998e-36,8.42514239592182e-25,1.74961785580334e-24,1.90394291989915e-40,2.74277635253618e-28,1.79455140575911e-26,1.80752766843412e-37,2.09992228332517e-22,7.19565607026187e-27,5.50072206694647e-39,3.14532453908953e-25,5.9936268809939e-27,3.48295635261797e-32,1.39206770245019e-28,3.1983961415004e-26,1.18793936820926e-24,2.08694088704049e-26
"nabut_1_D2_mix_Slot1-1_1_3691",1.38713014776028e-23,1.92392423096477e-20,4.13205412488148e-22,4.32201312578911e-20,5.5221257714162e-21,1.47286360963939e-25,8.74755887555102e-26,3.85360709440851e-21,6.29825875397501e-26,3.57504764056879e-20,1.91419350323239e-27,2.71883882902147e-26,7.53750583427297e-24,1.68182009029361e-26,1.15365357743989e-26,3.4073349749186e-20,1.61330365307836e-25,6.75236991839059e-21,2.20655037613134e-22,1.46793278623097e-24,2.65069536238306e-21,8.69873436007287e-28,0,1.22859892223587e-15,2.08694194551131e-31,1.29342096297052e-34,1.09084060032984e-19,6.67981778111366e-23,5.73756227769065e-33,8.33404060959248e-42,1.44901428502781e-23,7.10342962229195e-34,6.04052683436056e-33,9.03456497474372e-42,4.90356517358174e-21,3.66819614222234e-29,2.79773075480532e-23,5.86993998386359e-46,1.24107849669904e-28,2.13151392221311e-31,6.12107338485039e-42,2.12930868243096e-39,3.67121377613279e-37,3.04898320483647e-43,1.10892080478467e-36,6.88511953009545e-39,1.00477473422683e-49,1.62252213899167e-51,5.4174907116264e-47,2.93996507786301e-37,4.00696483175292e-37,7.06780018796139e-34,2.44013188663851e-33,1.32479447516985e-35,6.13799510190214e-42,1.65963636489264e-32,2.35683685255345e-34,4.96922604803107e-28,3.08584961814146e-32,6.35062677216309e-26,1.02377713320149e-36,3.16087514029215e-34,6.34150146924292e-30,1.18894306089278e-29,9.94878848227541e-31,4.24262125653773e-30,2.0501944380034e-34,2.33054035400775e-29,3.22848889902453e-34,1.42641694279299e-28,1.62103148589709e-31,4.89346766907598e-36
"nabut_1_D3_mix_Slot1-1_1_3720",1.2661136259824e-16,2.92206478753203e-18,2.74319968644654e-22,8.61595541053865e-24,5.43637570372043e-26,4.97802732017519e-19,4.29625827169866e-17,5.87223103395333e-25,1.72026251952846e-20,1.74887246239156e-28,1.06580254891525e-18,4.10525149373431e-20,3.22063645540607e-28,7.40133303045977e-17,3.52510963994106e-20,1.63331067785402e-18,4.59730239320899e-20,3.40778457976268e-24,4.02599368533171e-20,2.8561835890696e-18,6.79140751532877e-20,7.79150735225959e-18,1.22859892223587e-15,0,4.96335086410953e-21,1.97773507871067e-17,1.41848335176175e-24,6.07875446927373e-22,6.27531346878978e-19,1.69708624209113e-15,6.21117184797469e-27,2.83023383530201e-22,1.48566345725315e-20,1.00724384638933e-15,1.93511933497469e-29,1.78307334158088e-23,2.55623341151597e-18,3.43816003272933e-14,5.20476958219993e-22,1.16970978655725e-17,1.0296514562188e-15,2.10791651256321e-20,1.49036259648434e-18,6.70646583418985e-17,2.20857432637157e-15,1.6290601837961e-15,3.51114827515373e-16,2.74958230255194e-17,5.31337294465117e-17,5.76399663223459e-18,2.44223807170019e-20,7.41420215353339e-20,2.46989380292259e-17,1.0764309492418e-20,1.12276551186043e-17,7.61333204538183e-21,1.3187402569246e-19,1.1804966271073e-18,1.92916903732689e-21,4.31489385398942e-22,5.36063181475414e-23,3.23000618562683e-19,1.41233777918825e-16,1.76598241638807e-16,2.07447264499075e-17,1.0385561723171e-18,5.85647396521591e-21,1.63617076272941e-24,5.03298788060965e-19,2.39021844182447e-22,2.98198879257271e-15,2.86444145090135e-18
"nabut_1_D5_treat_Slot1-1_1_3713",6.66670366873849e-23,8.21065463194003e-22,6.78451763974788e-24,6.67548966465777e-23,1.89529554678301e-25,9.75298669654954e-25,1.21065403511924e-23,1.29816598961692e-24,1.09357810450977e-25,3.90842442536687e-24,1.68945582621626e-26,8.64788872193034e-28,1.86341554624992e-27,7.0559098011898e-25,3.98334215901778e-27,1.09559142689371e-19,2.21169198200617e-27,6.28479732473691e-25,1.03542638003649e-23,1.51728678008921e-24,4.33422632533706e-22,1.25966618651373e-26,2.08694194551131e-31,4.96335086410953e-21,0,4.72930114781895e-36,1.79738508187934e-25,1.02021336979965e-25,1.01387690036832e-37,2.28959528900693e-34,2.99234679268845e-30,5.43862869968727e-34,7.77778408640344e-39,4.64615573121718e-29,1.48045246233891e-29,1.63531955348958e-32,1.11709513616308e-29,1.18424833441019e-30,2.91417772328871e-31,3.94058422104085e-31,6.48999918922919e-35,8.42955708513748e-36,1.00962899748181e-39,1.26344061313676e-34,1.38502133684781e-31,4.07926443050056e-30,9.66276916920805e-30,3.35873411190846e-32,3.00818613642451e-31,1.44537762822443e-40,4.10938426426556e-43,1.07010612479409e-38,2.1798685790234e-31,1.81122327255876e-42,1.74013764861271e-31,1.66143266149485e-30,1.30496643295083e-35,5.57649576588433e-33,8.95944224996105e-33,1.08648335584979e-31,3.55176545444869e-34,2.02714999591737e-32,2.54781437473592e-30,1.34222333305073e-27,1.10770792279324e-26,1.1160828152444e-34,5.393418513924e-38,1.52686032200282e-31,1.02918097293321e-35,2.4918446546867e-34,3.08374284234533e-30,5.03762798258717e-35
