"","1_D3_Slot1-1_1_1321","1_D4_Slot1-1_1_1300","1_E3_Slot1-1_1_1322","1_E4_Slot1-1_1_1301","1_F3_Slot1-1_1_1323","1_F4_Slot1-1_1_1302","1_G3_Slot1-1_1_1325","1_G4_Slot1-1_1_1305","1_H2_Slot1-1_1_1341","1_H3_Slot1-1_1_1326","1_H4_Slot1-1_1_1306","1_I2_Slot1-1_1_1342","1_I3_Slot1-1_1_1327","1_I4_Slot1-1_1_1307","auto_2_E2_1cell_Slot1-1_1_3420","auto_2_E3_1cell_Slot1-1_1_3418","auto_2_F2_1cell_Slot1-1_1_3421","auto_2_F3_1cell_Slot1-1_1_3419","auto_4_D3_1cell_Slot1-1_1_3495","auto_4_D4_1cell_Slot1-1_1_3492","auto_4_E4_1cell_Slot1-1_1_3493","auto_4_F4_1cell_Slot1-1_1_3494","nabut_1_D2_mix_Slot1-1_1_3691","nabut_1_D3_mix_Slot1-1_1_3720","nabut_1_E4_ctrl_Slot1-1_1_3707","nabut_1_F3_mix_Slot1-1_1_3722","nabut_1_F4_ctrl_Slot1-1_1_3708","nabut_1_G2_mix_Slot1-1_1_3694","nabut_1_G4_ctrl_Slot1-1_1_3709","nabut_1_H4_ctrl_Slot1-1_1_3710","nabut_1_I4_ctrl_Slot1-1_1_3711","nabut_1_J2_mix_Slot1-1_1_3697","nabut_1_M2_mix_Slot1-1_1_3700","nabut_1_N2_mix_Slot1-1_1_3701","nabut_1_O2_mix_Slot1-1_1_3702","nabut_4_E3_mix_Slot1-1_1_3682","nabut_4_F2_mix_Slot1-1_1_3642","nabut_4_F3_mix_Slot1-1_1_3683","nabut_4_G3_mix_Slot1-1_1_3684","nabut_4_H2_mix_Slot1-1_1_3644","nabut_4_H3_mix_Slot1-1_1_3685","nabut_4_I3_mix_Slot1-1_1_3686","nabut_4_K2_mix_Slot1-1_1_3647"
"1_D3_Slot1-1_1_1321",1,0.97521580504577,0.973137326962191,0.963161584330714,0.961681906210592,0.965024616886536,0.976416213610959,0.957724630117463,0.966468763113578,0.941429357854777,0.978836493024838,0.979150473707205,0.951317837858698,0.986959250782255,0.973988421120905,0.929229108125579,0.95340178336339,0.959871374533704,0.97670746266097,0.98751300660294,0.896720942901953,0.985453306633641,0.888434106635241,0.87504815754522,0.954449086991882,0.929022764789645,0.96404619336533,0.901508489109387,0.965931607398266,0.969947235021142,0.953174356652627,0.881393727010195,0.900921687943368,0.883637217970467,0.895984860266801,0.964216850728624,0.915640124069126,0.93937027791631,0.964995094804778,0.895726505635698,0.936862232524841,0.968078799305751,0.934492407825178
"1_D4_Slot1-1_1_1300",0.97521580504577,1,0.977411871861177,0.981932632791911,0.972871294855911,0.976105865144721,0.952974296508848,0.980861457122976,0.972992590715398,0.958956606196038,0.977492327210339,0.977464475893068,0.95391658621587,0.961295336013463,0.97770256953092,0.938283308708273,0.966965074251388,0.978084279070378,0.959573661316727,0.981251984069175,0.918826539624974,0.967790893629723,0.859870640215978,0.88743354934345,0.951093136082888,0.935631115091585,0.945760725402567,0.878371999239731,0.958791064168837,0.952458193103611,0.926556838176921,0.864107897108881,0.878585164799083,0.857264133374899,0.873170997542224,0.951226659545324,0.889508446389293,0.941894499772906,0.951692764933909,0.886298030868356,0.928846945467418,0.947000020354044,0.934811687272022
"1_E3_Slot1-1_1_1322",0.973137326962191,0.977411871861177,1,0.982859835603778,0.977717679911644,0.982080486639991,0.97449492289002,0.984248716870306,0.986258373568413,0.988058403507687,0.977623046006966,0.98051293560624,0.979812471621575,0.96681140313527,0.982720799043715,0.958043549638665,0.9742490783927,0.986933629763682,0.970776171488046,0.98201885411717,0.945565471421291,0.978747986692632,0.877468387097696,0.923208539704116,0.963031043038898,0.946391127071077,0.969324771737097,0.900376835901673,0.976020511940647,0.970244680040361,0.951383802783876,0.889899289828427,0.898608453320993,0.881128450542494,0.900508775502495,0.953109983691094,0.906247933514249,0.959692741785411,0.970585104250274,0.914501193326511,0.95365852014627,0.947111728795156,0.966164506469997
"1_E4_Slot1-1_1_1301",0.963161584330714,0.981932632791911,0.982859835603778,1,0.987939266896813,0.975392252600898,0.942583134752258,0.99220355189363,0.976522268186141,0.977657486934954,0.978179476366364,0.967222089945841,0.980109267570196,0.961460391617806,0.971936546189231,0.95853721622701,0.961693993391308,0.979951448752977,0.965793560558051,0.971554610623119,0.936114915166339,0.96032366416432,0.869921653082388,0.927228848381537,0.947562519407413,0.945522345118912,0.955705545296262,0.888908195817344,0.965051961170901,0.955831996872047,0.937635972967574,0.87824999095448,0.885463411493955,0.878208791028956,0.888630388006396,0.944156279877543,0.900977854354611,0.950745277184995,0.956105752697773,0.911874679771969,0.931861335338646,0.939521370542097,0.944518367862063
"1_F3_Slot1-1_1_1323",0.961681906210592,0.972871294855911,0.977717679911644,0.987939266896813,1,0.962195161607316,0.934439727515482,0.990705180582233,0.964690158341341,0.977077353430133,0.97266665156741,0.969827028342314,0.981832431682844,0.963403402670265,0.970574220913558,0.938048168920015,0.972335780857208,0.985992983884598,0.953649208371839,0.96224159274302,0.936224901720837,0.953138458446402,0.884239257502863,0.940877642994079,0.94675010233299,0.951721637846545,0.964058235652638,0.897128490712803,0.972014638184797,0.963175094104966,0.950650475253345,0.892387049840208,0.897649842184141,0.896274762074421,0.902454540671706,0.947442906276724,0.907748390649893,0.955166993151437,0.964514412987267,0.929124452453433,0.943129546066573,0.932561703761932,0.957283864093113
"1_F4_Slot1-1_1_1302",0.965024616886536,0.976105865144721,0.982080486639991,0.975392252600898,0.962195161607316,1,0.969717391453043,0.984499773389207,0.988276727822215,0.970249545194229,0.988608970043601,0.977285875850758,0.966584584965445,0.966195200558658,0.981745381538822,0.948408190363263,0.977651098113217,0.974590727442052,0.964598708137783,0.988447933410712,0.935309970203968,0.9839129943179,0.916446824142955,0.898351463599854,0.96676138619424,0.949042583354785,0.974980890796331,0.935206687295579,0.98241195556662,0.97119551355351,0.962505640665072,0.921243107028013,0.932128196648132,0.90987264818505,0.927233008659787,0.971564273841235,0.943099417052583,0.970487477314624,0.971196786318051,0.936852723607799,0.959636927902926,0.968401078224626,0.964233400101816
"1_G3_Slot1-1_1_1325",0.976416213610959,0.952974296508848,0.97449492289002,0.942583134752258,0.934439727515482,0.969717391453043,1,0.94713102861047,0.983501171470763,0.955949740259115,0.97085040026971,0.982062256792364,0.957667445256759,0.967538167280482,0.975465957099811,0.9475746607266,0.945623114239007,0.948064830087772,0.974965931709053,0.981797790174571,0.908167339278526,0.986944942973013,0.902709658935335,0.878482896426305,0.962006391400609,0.934265295813811,0.971249114435315,0.918475739361791,0.973492025257449,0.978880684848308,0.961572615697614,0.902029756051556,0.916097013711223,0.894279256047389,0.911872357674683,0.956200354903125,0.925572448168431,0.942488624484161,0.968044717350239,0.912782534872671,0.947976239404144,0.974360266335415,0.954826658363791
"1_G4_Slot1-1_1_1305",0.957724630117463,0.980861457122976,0.984248716870306,0.99220355189363,0.990705180582233,0.984499773389207,0.94713102861047,1,0.980012155295772,0.984864720998854,0.981495281781201,0.973693690364251,0.981277981712378,0.960236840509407,0.976587561143397,0.949068721281481,0.976974867894219,0.988389832713792,0.961404851514735,0.975028821332907,0.940977317757676,0.962737796258918,0.890889465718981,0.934127000125671,0.956746113462076,0.955711231089246,0.967065122173218,0.908852329303376,0.979894191252759,0.967115940816396,0.951634149728113,0.902166815111848,0.906783612309021,0.896825917412217,0.907953889698791,0.952476728124567,0.918025989438705,0.960474341202037,0.96388040188427,0.933197520502865,0.946548903540641,0.945327490925375,0.962349716237357
"1_H2_Slot1-1_1_1341",0.966468763113578,0.972992590715398,0.986258373568413,0.976522268186141,0.964690158341341,0.988276727822215,0.983501171470763,0.980012155295772,1,0.982670539479519,0.986267626785203,0.985855634916212,0.984235991249645,0.967643026162545,0.98898666910384,0.974704797993171,0.967946789704761,0.969697111631371,0.970275320084131,0.982805416452032,0.947331870602554,0.982760172910397,0.916289706346649,0.912630184955909,0.965904864662752,0.9557843844523,0.978974688934288,0.932452802667483,0.983907128069894,0.978499405565436,0.967608693608369,0.921655831291312,0.931208391239574,0.915755672762278,0.929708664753727,0.965197759172623,0.938158393919218,0.969111112763913,0.977205793101713,0.942262454745486,0.962258982344449,0.971891466883736,0.97273991330429
"1_H3_Slot1-1_1_1326",0.941429357854777,0.958956606196038,0.988058403507687,0.977657486934954,0.977077353430133,0.970249545194229,0.955949740259115,0.984864720998854,0.982670539479519,1,0.963645631005796,0.973187001395145,0.990388437352887,0.939366001326197,0.971354383670457,0.960569241046086,0.964886981000651,0.984089815741489,0.955785091779963,0.960234869779717,0.950594886176758,0.955417649078895,0.874857240690384,0.94948618485128,0.955715129198184,0.95808515420829,0.966481533327716,0.891685572554402,0.975642807757411,0.968554767924932,0.949308835580387,0.892938610580183,0.892378508628809,0.883947123345737,0.897116280442074,0.933588029688977,0.899825023568908,0.955659486511412,0.964869470536204,0.929173805222757,0.947171375436384,0.93012383242816,0.972787974613856
"1_H4_Slot1-1_1_1306",0.978836493024838,0.977492327210339,0.977623046006966,0.978179476366364,0.97266665156741,0.988608970043601,0.97085040026971,0.981495281781201,0.986267626785203,0.963645631005796,1,0.981617232083881,0.971075088477207,0.986368796896172,0.988887923114284,0.960416378074212,0.976793280157207,0.968835809611242,0.962715544870688,0.984966844696443,0.945656665492328,0.98824710541889,0.932336334985841,0.893014634970864,0.962807078891811,0.950718833556803,0.981157738229577,0.944714725287512,0.98317635258507,0.975339029056103,0.974622987781833,0.930976902604147,0.944458727467247,0.929636008738152,0.942019827673852,0.983408133539756,0.955093806524432,0.976514517300527,0.980408690538517,0.946052373945229,0.968785525564293,0.970984533383034,0.966049296314102
"1_I2_Slot1-1_1_1342",0.979150473707205,0.977464475893068,0.98051293560624,0.967222089945841,0.969827028342314,0.977285875850758,0.982062256792364,0.973693690364251,0.985855634916212,0.973187001395145,0.981617232083881,1,0.975483780985055,0.96580330434947,0.98791545989487,0.943778198487295,0.973365495748006,0.979824223478385,0.974757256439058,0.984590704582185,0.924476543018559,0.985061300619642,0.908260260974394,0.913467048514988,0.97015915157455,0.957765774237594,0.981614152420018,0.918866308540345,0.985830375665459,0.988490231887115,0.970311955187362,0.911854027645134,0.917528050514362,0.90431509298583,0.916719607311226,0.96809666921761,0.928265773065355,0.960807278410977,0.983459312511546,0.930828716286646,0.959192431923325,0.971577197505985,0.970344055887228
"1_I3_Slot1-1_1_1327",0.951317837858698,0.95391658621587,0.979812471621575,0.980109267570196,0.981832431682844,0.966584584965445,0.957667445256759,0.981277981712378,0.984235991249645,0.990388437352887,0.971075088477207,0.975483780985055,1,0.955653884845447,0.97299646527115,0.964474565522156,0.959608868165345,0.973116475469877,0.962225913752076,0.96172471155799,0.944522660645445,0.959668612690578,0.908286516079309,0.952054138960746,0.955985755842583,0.963292408580261,0.977450388118381,0.917803119695108,0.980188131658765,0.975793004113786,0.967300029808534,0.915109459839283,0.917145113673091,0.918934720646373,0.923945096199733,0.9460072500139,0.926419047499518,0.963241951375831,0.974195791093913,0.953017060235065,0.953565584064741,0.95033463376837,0.97284457212221
"1_I4_Slot1-1_1_1307",0.986959250782255,0.961295336013463,0.96681140313527,0.961460391617806,0.963403402670265,0.966195200558658,0.967538167280482,0.960236840509407,0.967643026162545,0.939366001326197,0.986368796896172,0.96580330434947,0.955653884845447,1,0.977302811394311,0.946904089477701,0.961964951281809,0.948180102539773,0.95749341140188,0.975413196329688,0.928031748758642,0.982581429515595,0.926733579020287,0.874454217815142,0.948678653042569,0.934369427527588,0.971498042854754,0.93826581620638,0.969926417070595,0.965972404530254,0.967043451469917,0.919540412175421,0.938978184156293,0.924955908081334,0.936104858575505,0.979421971049648,0.946749659698031,0.960811211155173,0.972075681813217,0.92994793717289,0.960864894786049,0.962877859751061,0.949370839646603
"auto_2_E2_1cell_Slot1-1_1_3420",0.973988421120905,0.97770256953092,0.982720799043715,0.971936546189231,0.970574220913558,0.981745381538822,0.975465957099811,0.976587561143397,0.98898666910384,0.971354383670457,0.988887923114284,0.98791545989487,0.97299646527115,0.977302811394311,1,0.965855367703245,0.98276145629819,0.973518500094924,0.956238168704557,0.975877939786031,0.958734626092749,0.985259031043551,0.919959817092561,0.91163864036749,0.965192442691234,0.9557991129584,0.983363039076087,0.932578159798612,0.983355434635431,0.976110945168551,0.970746400053759,0.925973522381094,0.936158004486191,0.919790625617374,0.934660869880801,0.980373960026217,0.943747143632353,0.97871834791964,0.986876962372401,0.942467233482011,0.974264935537763,0.962062588328294,0.979891579303982
"auto_2_E3_1cell_Slot1-1_1_3418",0.929229108125579,0.938283308708273,0.958043549638665,0.95853721622701,0.938048168920015,0.948408190363263,0.9475746607266,0.949068721281481,0.974704797993171,0.960569241046086,0.960416378074212,0.943778198487295,0.964474565522156,0.946904089477701,0.965855367703245,1,0.934568112133064,0.930115031849113,0.925397853636847,0.932959141551262,0.968223321750541,0.946360694453263,0.883327221377569,0.886494917850694,0.924618118137433,0.932293114388161,0.943162275158141,0.893566767080143,0.943223853411363,0.936284123041312,0.93112963371633,0.886927345369647,0.897823790644892,0.888671994701248,0.90008622683788,0.935300247502778,0.901267432248111,0.949858444156397,0.950000448550913,0.91316026451611,0.942974170681164,0.914422297812005,0.947133974919836
"auto_2_F2_1cell_Slot1-1_1_3421",0.95340178336339,0.966965074251388,0.9742490783927,0.961693993391308,0.972335780857208,0.977651098113217,0.945623114239007,0.976974867894219,0.967946789704761,0.964886981000651,0.976793280157207,0.973365495748006,0.959608868165345,0.961964951281809,0.98276145629819,0.934568112133064,1,0.981687577223225,0.930858014538306,0.963457373514038,0.960870259934295,0.970651521190839,0.918030538876649,0.900860855709273,0.954249238728611,0.947693473511275,0.971611140702,0.934131896783064,0.97553337177718,0.962562766374977,0.961353667724421,0.928346928316044,0.932834265150231,0.916535729989713,0.934474866585174,0.978007459523567,0.932258629989186,0.98141977263709,0.979680868941844,0.941310761501752,0.980655606702654,0.932961089586607,0.977017275201298
"auto_2_F3_1cell_Slot1-1_1_3419",0.959871374533704,0.978084279070378,0.986933629763682,0.979951448752977,0.985992983884598,0.974590727442052,0.948064830087772,0.988389832713792,0.969697111631371,0.984089815741489,0.968835809611242,0.979824223478385,0.973116475469877,0.948180102539773,0.973518500094924,0.930115031849113,0.981687577223225,1,0.95951037667605,0.971554451676088,0.933288048440908,0.962701231706719,0.866396058001238,0.931904015111776,0.958305333538508,0.951281822679465,0.963360609076312,0.884390613758406,0.972976127500829,0.966315054048803,0.943314396104325,0.87924395015392,0.882503122064972,0.868256160606664,0.884568701608672,0.94637455019611,0.893632089618044,0.954154536657308,0.965879370966001,0.911032462816932,0.944823025512434,0.930649702732333,0.961289586425372
"auto_4_D3_1cell_Slot1-1_1_3495",0.97670746266097,0.959573661316727,0.970776171488046,0.965793560558051,0.953649208371839,0.964598708137783,0.974965931709053,0.961404851514735,0.970275320084131,0.955785091779963,0.962715544870688,0.974757256439058,0.962225913752076,0.95749341140188,0.956238168704557,0.925397853636847,0.930858014538306,0.95951037667605,1,0.983933341550664,0.868560547926703,0.97058082584508,0.864999512996451,0.904209558073271,0.955983035716648,0.931114026088775,0.957009057047282,0.885708365168499,0.967065464761286,0.975166320409914,0.939809104268568,0.864015173642009,0.873999891441738,0.860280659471616,0.873445103041204,0.931315073126367,0.898013215616987,0.914647394788273,0.948419118277561,0.889211195833493,0.90806688771881,0.968159275326694,0.926042910903438
"auto_4_D4_1cell_Slot1-1_1_3492",0.98751300660294,0.981251984069175,0.98201885411717,0.971554610623119,0.96224159274302,0.988447933410712,0.981797790174571,0.975028821332907,0.982805416452032,0.960234869779717,0.984966844696443,0.984590704582185,0.96172471155799,0.975413196329688,0.975877939786031,0.932959141551262,0.963457373514038,0.971554451676088,0.983933341550664,1,0.901084955044045,0.989886192133747,0.898297063558968,0.88622460462335,0.967559605342471,0.939886294959732,0.969545279451754,0.917840635228524,0.979158665800516,0.978109636230993,0.957830016502965,0.899008432002951,0.912471764876917,0.891346397915371,0.907019401403873,0.964914290896336,0.926245737177831,0.947374186062884,0.965268319103689,0.911728755875621,0.94196432806317,0.979896504027904,0.94510709807493
"auto_4_E4_1cell_Slot1-1_1_3493",0.896720942901953,0.918826539624974,0.945565471421291,0.936114915166339,0.936224901720837,0.935309970203968,0.908167339278526,0.940977317757676,0.947331870602554,0.950594886176758,0.945656665492328,0.924476543018559,0.944522660645445,0.928031748758642,0.958734626092749,0.968223321750541,0.960870259934295,0.933288048440908,0.868560547926703,0.901084955044045,1,0.927211719617401,0.891470851741622,0.880239648273193,0.906518072488832,0.92249235415553,0.936825656768136,0.903024327366877,0.931339973724461,0.912472178286971,0.927526054140934,0.907768122975061,0.911715262894113,0.899664921069277,0.917130867208314,0.941786635415026,0.902017917030133,0.972110567689197,0.952046859234374,0.926461587775201,0.9690023701907,0.870160879376796,0.964638835964907
"auto_4_F4_1cell_Slot1-1_1_3494",0.985453306633641,0.967790893629723,0.978747986692632,0.96032366416432,0.953138458446402,0.9839129943179,0.986944942973013,0.962737796258918,0.982760172910397,0.955417649078895,0.98824710541889,0.985061300619642,0.959668612690578,0.982581429515595,0.985259031043551,0.946360694453263,0.970651521190839,0.962701231706719,0.97058082584508,0.989886192133747,0.927211719617401,1,0.923748900251331,0.883355192669258,0.969921440766648,0.946116220103479,0.980927406664446,0.938198213554192,0.98141272255238,0.981750774752148,0.972533916784732,0.925902462081173,0.936345693762217,0.91474018889698,0.932840918875201,0.983442179147747,0.948020492695705,0.967335733442579,0.983351413187369,0.92885319424485,0.96795016088839,0.97569987039,0.963712644116917
"nabut_1_D2_mix_Slot1-1_1_3691",0.888434106635241,0.859870640215978,0.877468387097696,0.869921653082388,0.884239257502863,0.916446824142955,0.902709658935335,0.890889465718981,0.916289706346649,0.874857240690384,0.932336334985841,0.908260260974394,0.908286516079309,0.926733579020287,0.919959817092561,0.883327221377569,0.918030538876649,0.866396058001238,0.864999512996451,0.898297063558968,0.891470851741622,0.923748900251331,1,0.823591103405099,0.88529302095279,0.895989598255244,0.953351307438119,0.990272722349779,0.935143541984596,0.922328896430785,0.971907636359941,0.987741046779287,0.994029933624453,0.99280153278107,0.992815989571961,0.958763361855944,0.98648388175099,0.955330769574371,0.948524227977827,0.979437749412312,0.959165842219234,0.93860136307159,0.941089122619685
"nabut_1_D3_mix_Slot1-1_1_3720",0.87504815754522,0.88743354934345,0.923208539704116,0.927228848381537,0.940877642994079,0.898351463599854,0.878482896426305,0.934127000125671,0.912630184955909,0.94948618485128,0.893014634970864,0.913467048514988,0.952054138960746,0.874454217815142,0.91163864036749,0.886494917850694,0.900860855709273,0.931904015111776,0.904209558073271,0.88622460462335,0.880239648273193,0.883355192669258,0.823591103405099,1,0.934401997318326,0.957517247047471,0.926061456252285,0.825690909902008,0.936753307664601,0.930678666873811,0.902683555185333,0.845581798540072,0.833489243634438,0.845093861332842,0.842713706065819,0.869308312518792,0.866689207161383,0.899180604213175,0.919857549497825,0.907704009039981,0.883957944163315,0.872859218961219,0.933523751972061
"nabut_1_E4_ctrl_Slot1-1_1_3707",0.954449086991882,0.951093136082888,0.963031043038898,0.947562519407413,0.94675010233299,0.96676138619424,0.962006391400609,0.956746113462076,0.965904864662752,0.955715129198184,0.962807078891811,0.97015915157455,0.955985755842583,0.948678653042569,0.965192442691234,0.924618118137433,0.954249238728611,0.958305333538508,0.955983035716648,0.967559605342471,0.906518072488832,0.969921440766648,0.88529302095279,0.934401997318326,1,0.981558664256157,0.962933762149024,0.894800935612161,0.978317226395115,0.979535426582404,0.946722008365408,0.888641468586553,0.895716677463612,0.880299113050988,0.892580956563871,0.951049042214553,0.926675865490548,0.944411425826772,0.964026972604053,0.922682130089407,0.941880213179291,0.94937488748958,0.955452776548816
"nabut_1_F3_mix_Slot1-1_1_3722",0.929022764789645,0.935631115091585,0.946391127071077,0.945522345118912,0.951721637846545,0.949042583354785,0.934265295813811,0.955711231089246,0.9557843844523,0.95808515420829,0.950718833556803,0.957765774237594,0.963292408580261,0.934369427527588,0.9557991129584,0.932293114388161,0.947693473511275,0.951281822679465,0.931114026088775,0.939886294959732,0.92249235415553,0.946116220103479,0.895989598255244,0.957517247047471,0.981558664256157,1,0.962041233812641,0.89111710924979,0.972927909986604,0.970023931844052,0.948425033300562,0.903890366270266,0.901542804565195,0.896780539175615,0.898798488660795,0.945991614127105,0.928863965400299,0.951430717070811,0.966345327240253,0.94241044420119,0.946512817822565,0.928516769516208,0.963789253609829
"nabut_1_F4_ctrl_Slot1-1_1_3708",0.96404619336533,0.945760725402567,0.969324771737097,0.955705545296262,0.964058235652638,0.974980890796331,0.971249114435315,0.967065122173218,0.978974688934288,0.966481533327716,0.981157738229577,0.981614152420018,0.977450388118381,0.971498042854754,0.983363039076087,0.943162275158141,0.971611140702,0.963360609076312,0.957009057047282,0.969545279451754,0.936825656768136,0.980927406664446,0.953351307438119,0.926061456252285,0.962933762149024,0.962041233812641,1,0.95694742644803,0.993168441345084,0.987795304636267,0.995419922507572,0.957038258109276,0.961374257323476,0.953362136368844,0.960514685178233,0.980353195493589,0.971965934734221,0.980640230394692,0.993669566601614,0.972943547119211,0.978080117669188,0.972545391270744,0.987126398571195
"nabut_1_G2_mix_Slot1-1_1_3694",0.901508489109387,0.878371999239731,0.900376835901673,0.888908195817344,0.897128490712803,0.935206687295579,0.918475739361791,0.908852329303376,0.932452802667483,0.891685572554402,0.944714725287512,0.918866308540345,0.917803119695108,0.93826581620638,0.932578159798612,0.893566767080143,0.934131896783064,0.884390613758406,0.885708365168499,0.917840635228524,0.903024327366877,0.938198213554192,0.990272722349779,0.825690909902008,0.894800935612161,0.89111710924979,0.95694742644803,1,0.94446499610787,0.928990673096097,0.971773777056506,0.988101278606308,0.99238373914614,0.986493507693975,0.995063093736849,0.965000202888957,0.983011650860626,0.959911429967866,0.950331692568651,0.974219916893794,0.965939997379935,0.946945895619804,0.946544551817013
"nabut_1_G4_ctrl_Slot1-1_1_3709",0.965931607398266,0.958791064168837,0.976020511940647,0.965051961170901,0.972014638184797,0.98241195556662,0.973492025257449,0.979894191252759,0.983907128069894,0.975642807757411,0.98317635258507,0.985830375665459,0.980188131658765,0.969926417070595,0.983355434635431,0.943223853411363,0.97553337177718,0.972976127500829,0.967065464761286,0.979158665800516,0.931339973724461,0.98141272255238,0.935143541984596,0.936753307664601,0.978317226395115,0.972927909986604,0.993168441345084,0.94446499610787,1,0.994888586718694,0.985662167154489,0.942747609955349,0.944779326421834,0.936478514078627,0.944105272164916,0.973828218655306,0.959641502480129,0.970262924420838,0.986529386708244,0.96340109888682,0.969012131616425,0.97211732049798,0.982459392352524
"nabut_1_H4_ctrl_Slot1-1_1_3710",0.969947235021142,0.952458193103611,0.970244680040361,0.955831996872047,0.963175094104966,0.97119551355351,0.978880684848308,0.967115940816396,0.978499405565436,0.968554767924932,0.975339029056103,0.988490231887115,0.975793004113786,0.965972404530254,0.976110945168551,0.936284123041312,0.962562766374977,0.966315054048803,0.975166320409914,0.978109636230993,0.912472178286971,0.981750774752148,0.922328896430785,0.930678666873811,0.979535426582404,0.970023931844052,0.987795304636267,0.928990673096097,0.994888586718694,1,0.979761650175937,0.925412272782907,0.928341825394915,0.919647065209727,0.927726655765521,0.964300388667376,0.946000559167559,0.955203541004911,0.98323436749767,0.947183696843536,0.957167566183219,0.971610411155111,0.972245657174489
"nabut_1_I4_ctrl_Slot1-1_1_3711",0.953174356652627,0.926556838176921,0.951383802783876,0.937635972967574,0.950650475253345,0.962505640665072,0.961572615697614,0.951634149728113,0.967608693608369,0.949308835580387,0.974622987781833,0.970311955187362,0.967300029808534,0.967043451469917,0.970746400053759,0.93112963371633,0.961353667724421,0.943314396104325,0.939809104268568,0.957830016502965,0.927526054140934,0.972533916784732,0.971907636359941,0.902683555185333,0.946722008365408,0.948425033300562,0.995419922507572,0.971773777056506,0.985662167154489,0.979761650175937,1,0.971828697104376,0.975875733474945,0.972980750871096,0.975925240809116,0.979720721357995,0.981016746426363,0.977803913269405,0.98862456462488,0.981319025654777,0.978774279369747,0.970972023110568,0.980479994581887
"nabut_1_J2_mix_Slot1-1_1_3697",0.881393727010195,0.864107897108881,0.889899289828427,0.87824999095448,0.892387049840208,0.921243107028013,0.902029756051556,0.902166815111848,0.921655831291312,0.892938610580183,0.930976902604147,0.911854027645134,0.915109459839283,0.919540412175421,0.925973522381094,0.886927345369647,0.928346928316044,0.87924395015392,0.864015173642009,0.899008432002951,0.907768122975061,0.925902462081173,0.987741046779287,0.845581798540072,0.888641468586553,0.903890366270266,0.957038258109276,0.988101278606308,0.942747609955349,0.925412272782907,0.971828697104376,1,0.990078073528873,0.988270802963607,0.992736849892937,0.960314676055042,0.981182277403244,0.960862320179073,0.952484702504082,0.980764512728688,0.968227330853868,0.93011947970687,0.955831441302913
"nabut_1_M2_mix_Slot1-1_1_3700",0.900921687943368,0.878585164799083,0.898608453320993,0.885463411493955,0.897649842184141,0.932128196648132,0.916097013711223,0.906783612309021,0.931208391239574,0.892378508628809,0.944458727467247,0.917528050514362,0.917145113673091,0.938978184156293,0.936158004486191,0.897823790644892,0.932834265150231,0.882503122064972,0.873999891441738,0.912471764876917,0.911715262894113,0.936345693762217,0.994029933624453,0.833489243634438,0.895716677463612,0.901542804565195,0.961374257323476,0.99238373914614,0.944779326421834,0.928341825394915,0.975875733474945,0.990078073528873,1,0.990165435685356,0.995322027708571,0.967733817909619,0.989405173702806,0.968167269167486,0.956841516376245,0.98027670369677,0.969473084912218,0.944385182236045,0.954772015572136
"nabut_1_N2_mix_Slot1-1_1_3701",0.883637217970467,0.857264133374899,0.881128450542494,0.878208791028956,0.896274762074421,0.90987264818505,0.894279256047389,0.896825917412217,0.915755672762278,0.883947123345737,0.929636008738152,0.90431509298583,0.918934720646373,0.924955908081334,0.919790625617374,0.888671994701248,0.916535729989713,0.868256160606664,0.860280659471616,0.891346397915371,0.899664921069277,0.91474018889698,0.99280153278107,0.845093861332842,0.880299113050988,0.896780539175615,0.953362136368844,0.986493507693975,0.936478514078627,0.919647065209727,0.972980750871096,0.988270802963607,0.990165435685356,1,0.993675980836868,0.951337172222235,0.982265675859664,0.954490826913842,0.946494244047138,0.985770936301196,0.957142919170799,0.930952438694386,0.943815306333867
"nabut_1_O2_mix_Slot1-1_1_3702",0.895984860266801,0.873170997542224,0.900508775502495,0.888630388006396,0.902454540671706,0.927233008659787,0.911872357674683,0.907953889698791,0.929708664753727,0.897116280442074,0.942019827673852,0.916719607311226,0.923945096199733,0.936104858575505,0.934660869880801,0.90008622683788,0.934474866585174,0.884568701608672,0.873445103041204,0.907019401403873,0.917130867208314,0.932840918875201,0.992815989571961,0.842713706065819,0.892580956563871,0.898798488660795,0.960514685178233,0.995063093736849,0.944105272164916,0.927726655765521,0.975925240809116,0.992736849892937,0.995322027708571,0.993675980836868,1,0.964008314379863,0.984442538567799,0.967080194873101,0.95652415217809,0.983557171540598,0.97189805224938,0.936905122644585,0.95633612517382
"nabut_4_E3_mix_Slot1-1_1_3682",0.964216850728624,0.951226659545324,0.953109983691094,0.944156279877543,0.947442906276724,0.971564273841235,0.956200354903125,0.952476728124567,0.965197759172623,0.933588029688977,0.983408133539756,0.96809666921761,0.9460072500139,0.979421971049648,0.980373960026217,0.935300247502778,0.978007459523567,0.94637455019611,0.931315073126367,0.964914290896336,0.941786635415026,0.983442179147747,0.958763361855944,0.869308312518792,0.951049042214553,0.945991614127105,0.980353195493589,0.965000202888957,0.973828218655306,0.964300388667376,0.979720721357995,0.960314676055042,0.967733817909619,0.951337172222235,0.964008314379863,1,0.972310303354369,0.985405428733957,0.986906146919883,0.955814907099203,0.986773838824465,0.961953741874344,0.96986230429286
"nabut_4_F2_mix_Slot1-1_1_3642",0.915640124069126,0.889508446389293,0.906247933514249,0.900977854354611,0.907748390649893,0.943099417052583,0.925572448168431,0.918025989438705,0.938158393919218,0.899825023568908,0.955093806524432,0.928265773065355,0.926419047499518,0.946749659698031,0.943747143632353,0.901267432248111,0.932258629989186,0.893632089618044,0.898013215616987,0.926245737177831,0.902017917030133,0.948020492695705,0.98648388175099,0.866689207161383,0.926675865490548,0.928863965400299,0.971965934734221,0.983011650860626,0.959641502480129,0.946000559167559,0.981016746426363,0.981182277403244,0.989405173702806,0.982265675859664,0.984442538567799,0.972310303354369,1,0.966832724259783,0.963458445481104,0.983119959464555,0.963010161262288,0.958666759781215,0.956329932134069
"nabut_4_F3_mix_Slot1-1_1_3683",0.93937027791631,0.941894499772906,0.959692741785411,0.950745277184995,0.955166993151437,0.970487477314624,0.942488624484161,0.960474341202037,0.969111112763913,0.955659486511412,0.976514517300527,0.960807278410977,0.963241951375831,0.960811211155173,0.97871834791964,0.949858444156397,0.98141977263709,0.954154536657308,0.914647394788273,0.947374186062884,0.972110567689197,0.967335733442579,0.955330769574371,0.899180604213175,0.944411425826772,0.951430717070811,0.980640230394692,0.959911429967866,0.970262924420838,0.955203541004911,0.977803913269405,0.960862320179073,0.968167269167486,0.954490826913842,0.967080194873101,0.985405428733957,0.966832724259783,1,0.98855117752009,0.972525619022304,0.992514864897495,0.941714415742643,0.987196638164916
"nabut_4_G3_mix_Slot1-1_1_3684",0.964995094804778,0.951692764933909,0.970585104250274,0.956105752697773,0.964514412987267,0.971196786318051,0.968044717350239,0.96388040188427,0.977205793101713,0.964869470536204,0.980408690538517,0.983459312511546,0.974195791093913,0.972075681813217,0.986876962372401,0.950000448550913,0.979680868941844,0.965879370966001,0.948419118277561,0.965268319103689,0.952046859234374,0.983351413187369,0.948524227977827,0.919857549497825,0.964026972604053,0.966345327240253,0.993669566601614,0.950331692568651,0.986529386708244,0.98323436749767,0.98862456462488,0.952484702504082,0.956841516376245,0.946494244047138,0.95652415217809,0.986906146919883,0.963458445481104,0.98855117752009,1,0.965654683178708,0.987404210874229,0.961185332315606,0.990135067329521
"nabut_4_H2_mix_Slot1-1_1_3644",0.895726505635698,0.886298030868356,0.914501193326511,0.911874679771969,0.929124452453433,0.936852723607799,0.912782534872671,0.933197520502865,0.942262454745486,0.929173805222757,0.946052373945229,0.930828716286646,0.953017060235065,0.92994793717289,0.942467233482011,0.91316026451611,0.941310761501752,0.911032462816932,0.889211195833493,0.911728755875621,0.926461587775201,0.92885319424485,0.979437749412312,0.907704009039981,0.922682130089407,0.94241044420119,0.972943547119211,0.974219916893794,0.96340109888682,0.947183696843536,0.981319025654777,0.980764512728688,0.98027670369677,0.985770936301196,0.983557171540598,0.955814907099203,0.983119959464555,0.972525619022304,0.965654683178708,1,0.967966980103903,0.938367278744118,0.973049031940872
"nabut_4_H3_mix_Slot1-1_1_3685",0.936862232524841,0.928846945467418,0.95365852014627,0.931861335338646,0.943129546066573,0.959636927902926,0.947976239404144,0.946548903540641,0.962258982344449,0.947171375436384,0.968785525564293,0.959192431923325,0.953565584064741,0.960864894786049,0.974264935537763,0.942974170681164,0.980655606702654,0.944823025512434,0.90806688771881,0.94196432806317,0.9690023701907,0.96795016088839,0.959165842219234,0.883957944163315,0.941880213179291,0.946512817822565,0.978080117669188,0.965939997379935,0.969012131616425,0.957167566183219,0.978774279369747,0.968227330853868,0.969473084912218,0.957142919170799,0.97189805224938,0.986773838824465,0.963010161262288,0.992514864897495,0.987404210874229,0.967966980103903,1,0.935145692215863,0.986926485023632
"nabut_4_I3_mix_Slot1-1_1_3686",0.968078799305751,0.947000020354044,0.947111728795156,0.939521370542097,0.932561703761932,0.968401078224626,0.974360266335415,0.945327490925375,0.971891466883736,0.93012383242816,0.970984533383034,0.971577197505985,0.95033463376837,0.962877859751061,0.962062588328294,0.914422297812005,0.932961089586607,0.930649702732333,0.968159275326694,0.979896504027904,0.870160879376796,0.97569987039,0.93860136307159,0.872859218961219,0.94937488748958,0.928516769516208,0.972545391270744,0.946945895619804,0.97211732049798,0.971610411155111,0.970972023110568,0.93011947970687,0.944385182236045,0.930952438694386,0.936905122644585,0.961953741874344,0.958666759781215,0.941714415742643,0.961185332315606,0.938367278744118,0.935145692215863,1,0.940250016754835
"nabut_4_K2_mix_Slot1-1_1_3647",0.934492407825178,0.934811687272022,0.966164506469997,0.944518367862063,0.957283864093113,0.964233400101816,0.954826658363791,0.962349716237357,0.97273991330429,0.972787974613856,0.966049296314102,0.970344055887228,0.97284457212221,0.949370839646603,0.979891579303982,0.947133974919836,0.977017275201298,0.961289586425372,0.926042910903438,0.94510709807493,0.964638835964907,0.963712644116917,0.941089122619685,0.933523751972061,0.955452776548816,0.963789253609829,0.987126398571195,0.946544551817013,0.982459392352524,0.972245657174489,0.980479994581887,0.955831441302913,0.954772015572136,0.943815306333867,0.95633612517382,0.96986230429286,0.956329932134069,0.987196638164916,0.990135067329521,0.973049031940872,0.986926485023632,0.940250016754835,1
