"","H4K8ac","H4K12ac","H3K18acK23ac","H3K27meK36me2","H4K5ac","H2A1BK15ac","H3K9me2","H3K9me3K14ac","H3K9me3","H4K5acK8ac","H1.2K33ac","H3K36me2","H3K23su","H3K9meK14ac","H3K9ac","H3K4me","H3K9me2K14ac","H2A1AK5ac","H3K9acK14ac","H4K8acK12acK16ac","H4K12acK16ac","H4K5acK16ac","H4K8acK16ac","H4K5acK8acK16ac","H4K5acK8acK12acK16ac","H4K5acK12acK16ac","H3K9me","H3K27me2K36me","H3K79me","H3K14ac","H4K5acK12ac","H3K18ac","H4K5acK8acK12ac","H2AJK5acK9ac","H2AJK5acT6ac","H3K23ac","H4K8acK12ac","H1.5K33ac","H1K25me","H4K16ac"
"H4K8ac",1,6.07454809146891e-11,0.261523027649125,0.533687544907759,8.44862380686798e-06,0.809265857766186,0.0400699791108972,0.00254700260036219,0.00849334622999777,0.799710997379822,0.203571368330042,0.640414770009353,0.717782605061515,0.404682071851941,0.000219912799937323,0.00303096745828929,0.849203548486798,0.196182510817291,1.81089453004736e-06,0.456237996853484,0.155517534968302,0.0127341972811182,0.140367030347393,0.629153271486085,0.436768195752724,0.569945069277765,0.0705192271678085,0.649092629776451,0.849756594931849,0.249077916981246,0.108594164866094,0.935759614147246,0.293631581114626,0.691261269673144,0.574594494439056,0.0712760577605071,0.0031449098225095,0.490865480473458,0.128535248738799,0.0251334668561893
"H4K12ac",6.07454809146891e-11,1,0.0715205582583819,0.894764077765301,9.17320802792939e-06,0.581043635984015,0.0575220512026076,0.00379311885164442,0.0154356508642173,0.995881129610531,0.120378744215789,0.830450470649769,0.413743294593625,0.628836850640738,1.24260689492304e-05,0.00940845392326492,0.90487313914078,0.0461875577214505,8.84273572833438e-08,0.265880364483693,0.203374981961097,0.0464367187820207,0.163165914950364,0.355701725106401,0.526008590044734,0.6560516410201,0.0891118299923491,0.440831297210123,0.564676753572127,0.551388450879869,0.0775680813309515,0.542436604296628,0.278041160687507,0.673993512847286,0.230150032951522,0.166846116312018,0.000789281552024911,0.907869703767294,0.158896299765587,0.0178782149478814
"H3K18acK23ac",0.261523027649125,0.0715205582583819,1,0.00893511950119862,0.0138670509536616,0.693203770448004,0.506508223432499,0.235890599280374,0.0355293900900847,0.0209397022660644,0.962097134827653,0.00197788734755718,0.140703942797966,0.465432584924417,0.570688010676791,0.707625947919502,0.572492981143714,0.547293815400578,0.369789288734487,0.511454027754601,0.407866349486883,0.0777285649813502,0.203591333078227,0.627442500429165,0.276176506265839,0.0856432009866169,0.103603955374804,0.0769012781829707,0.00640776954078326,0.783552591485272,0.530649432223324,0.194277251097284,0.0966836054590743,0.0785446786927333,0.740482685667889,0.000837373445161568,0.870736999855441,0.580379255900714,0.146428806249251,0.00666566536181322
"H3K27meK36me2",0.533687544907759,0.894764077765301,0.00893511950119862,1,0.401701667204372,0.479920996547992,0.141887720989175,0.657120473002786,0.483579491689328,0.312914423791707,0.703656899634762,9.37716179182983e-06,0.0952044418150462,0.380485554422571,0.786110019736183,0.267304881388145,0.158140588193109,0.585331093245598,0.536738694618142,0.590157815489328,0.500835538622028,0.726103473877564,0.869566603944457,0.827254814535767,0.580626622881158,0.772408660646729,0.904273076477988,0.731592230783584,0.277581079228707,0.190673547411625,0.158189146991658,0.912623119648563,0.66808821819454,0.845616245954931,0.998381988742419,0.00582597914836017,0.916028499631075,0.68321251773268,0.471086956817252,0.0746116950694265
"H4K5ac",8.44862380686798e-06,9.17320802792939e-06,0.0138670509536616,0.401701667204372,1,0.31588666897486,0.717017933017452,0.0578071931202756,0.00943391692649153,0.596709201957445,0.878724767363764,0.091108823562688,0.709604960446702,0.483878418892368,0.00320002062447637,0.106140701857016,0.451489836100249,0.905266917897103,0.00127058709681822,0.778052917650702,0.126144302115323,0.00370740429117643,0.053581705265416,0.684373731375491,0.822027880901754,0.24824549169603,0.0273528808439068,0.0626887591987372,0.0822700086227375,0.664721513891326,0.110019517099575,0.834948117341254,0.226768099971234,0.231829176629995,0.725923002168714,0.984723304679079,0.0292641737603133,0.410993254133486,0.906127033633775,0.078408618338963
"H2A1BK15ac",0.809265857766186,0.581043635984015,0.693203770448004,0.479920996547992,0.31588666897486,1,0.564058628683858,0.842878029230381,0.947197972028493,0.364957736710242,0.25092629905275,0.73592124523341,0.494304693718684,0.386014608062118,0.209743791911245,0.654697270468292,0.106952069527642,0.582692169860318,0.857334916603461,0.808198641907872,0.954273814228423,0.756464394691659,0.454927242824523,0.768772796050626,0.779406110197002,0.900430747401802,0.104616352221272,0.188531319313604,0.185977491692443,0.566215275055521,0.127779093244057,0.0175821766802228,0.372665912225629,0.0279777951329446,0.0551330208203062,0.475908412115778,0.211468217027594,0.860077758338353,0.203502964064337,0.305350025333983
"H3K9me2",0.0400699791108972,0.0575220512026076,0.506508223432499,0.141887720989175,0.717017933017452,0.564058628683858,1,1.1040546835485e-06,0.016623912496503,0.0221208191319773,0.522780614151928,0.00766717889405393,0.0474010278492712,0.00168055578264948,0.000656667603348661,0.138449841962292,0.0131725591649684,0.441930821067833,0.000319282672755747,0.0783762391319679,0.0261555969913273,0.0119888896502106,0.32758540188455,0.0704231723235243,0.0407961038622176,0.0201203082744435,0.231403429557961,0.0362936549516362,0.504550463529994,2.64763038594133e-05,0.540894843144672,0.077547127261799,0.00667596554816045,0.537274262813595,0.55303317926757,3.97543852619481e-05,0.0123308001535629,0.816875025373861,0.682697225490499,0.140605146944969
"H3K9me3K14ac",0.00254700260036219,0.00379311885164442,0.235890599280374,0.657120473002786,0.0578071931202756,0.842878029230381,1.1040546835485e-06,1,9.73076101850477e-05,0.758438554368374,0.237171961844672,0.0899065258987361,0.254548392708722,0.00869687952753082,0.000723172759077455,0.208800869083493,0.406973174830472,0.260671074048939,8.14621895520778e-06,0.0658010121717107,0.00205724401150787,0.000520850961710725,0.0598366559582231,0.153510345013609,0.00556300053857579,0.00853343401930389,0.00946047943673861,0.110454837206339,0.491912349115954,0.00587948082443277,0.57532438268022,0.82018963882244,0.00453815551589261,0.038322525277794,0.707728594365391,0.0313397737306728,0.225645935661521,0.740747394687164,0.548675056742046,0.0962592378875937
"H3K9me3",0.00849334622999777,0.0154356508642173,0.0355293900900847,0.483579491689328,0.00943391692649153,0.947197972028493,0.016623912496503,9.73076101850477e-05,1,0.727213209240091,0.695281376208382,0.323523773466986,0.402490196786193,0.000185153207714018,0.00201403952241181,0.0539433874262945,0.0119357249608227,0.0885816789780625,0.00222999021367154,0.0706597690669472,0.0291280292998999,1.89907894073953e-06,0.0366397209667002,0.0198124521074384,0.00349385947021029,0.000221904679779521,0.110364683145811,0.712554526109803,0.821979723929817,0.0010266623671884,0.786201062680204,0.58470146892475,0.0793231474667582,0.360044930579304,0.630633487366439,0.139477055258827,0.229964587973966,0.706602073180783,0.159252484510635,0.0072777903383156
"H4K5acK8ac",0.799710997379822,0.995881129610531,0.0209397022660644,0.312914423791707,0.596709201957445,0.364957736710242,0.0221208191319773,0.758438554368374,0.727213209240091,1,0.926269865336828,0.26589590038208,0.382648424439263,0.0228840944178729,0.0171533037181717,0.982472603129764,0.0243657629763714,0.988492367786308,0.336074776406885,0.611098216462026,0.245644194273546,0.448631902106077,0.618000457698198,0.0609507497466031,0.488950051324923,0.276448502815837,0.0308511849765259,0.496280868116603,0.220242995406751,0.16380596580712,0.0733654506496319,0.000208206413518484,0.898745344620951,0.0161867233388782,0.989739069527296,0.000804081012490684,0.000575948788096962,0.664643051174704,0.197196304027513,0.653063485631151
"H1.2K33ac",0.203571368330042,0.120378744215789,0.962097134827653,0.703656899634762,0.878724767363764,0.25092629905275,0.522780614151928,0.237171961844672,0.695281376208382,0.926269865336828,1,0.246219612943676,0.187553273967684,0.511365463214276,0.498599075764783,0.429075851069091,0.712951465295829,0.153700503719534,0.571761166116689,0.368864053574314,0.767358254042306,0.209833979093752,0.783749134187877,0.234482055781107,0.716684303904904,0.618510090410743,0.781224496561671,0.0968284054452229,0.0545042861305912,0.968682269411237,0.933600291283301,0.467264624855626,0.551383409444276,0.0831839621143627,0.309979242765046,0.833573715864711,0.840395269669612,0.52662765917263,0.0291783448401104,0.267848917567549
"H3K36me2",0.640414770009353,0.830450470649769,0.00197788734755718,9.37716179182983e-06,0.091108823562688,0.73592124523341,0.00766717889405393,0.0899065258987361,0.323523773466986,0.26589590038208,0.246219612943676,1,0.246108554125731,0.441184656523336,0.669183170769648,0.320558684991133,0.00935548226859402,0.555079457018507,0.46682893003271,0.553715688426061,0.675088374803223,0.884706686157091,0.850971227406695,0.707709128485025,0.52767017581061,0.809991060335734,0.700207431847394,0.000321012077896144,0.142885358017033,0.0140449994480645,0.187890428605669,0.598690355555551,0.909506615617216,0.499568715515714,0.912546032272648,0.000669566887912829,0.681631480807329,0.997591552494374,0.69603385597112,0.473422544526573
"H3K23su",0.717782605061515,0.413743294593625,0.140703942797966,0.0952044418150462,0.709604960446702,0.494304693718684,0.0474010278492712,0.254548392708722,0.402490196786193,0.382648424439263,0.187553273967684,0.246108554125731,1,0.010249457009591,0.569849810623818,0.352561037283477,0.43431073530133,0.349177538032908,0.307521379666477,0.0403735902281301,0.145790728586667,0.0339065579974535,0.491965637262727,0.0215707495556043,0.0120129651816051,0.197591225263247,0.439364121004011,0.874200395849415,0.649148066627937,0.254986601110056,0.352133664391173,0.577088911099104,0.0414069983795333,0.0238894127064335,0.308523170461104,0.0327142014532115,0.455149112096794,0.833240848288282,0.466070659734117,0.151895981113263
"H3K9meK14ac",0.404682071851941,0.628836850640738,0.465432584924417,0.380485554422571,0.483878418892368,0.386014608062118,0.00168055578264948,0.00869687952753082,0.000185153207714018,0.0228840944178729,0.511365463214276,0.441184656523336,0.010249457009591,1,0.00207957087906396,0.0768562467623458,0.00209559598506329,0.107586947967926,0.0565889224249096,0.0150536160662214,0.000269904331666801,1.88819998793307e-05,0.0202886199613593,9.23783877174766e-05,0.00101481788635725,3.22147697114241e-05,0.71047017031557,0.954029900541101,0.955846517939966,0.00031655487742945,0.0175077939989522,0.0376541465832837,0.0166667408584795,0.89063212246206,0.448766373244802,0.0226997252370746,0.110432347873169,0.873625579030521,0.506852164671279,0.227799358436041
"H3K9ac",0.000219912799937323,1.24260689492304e-05,0.570688010676791,0.786110019736183,0.00320002062447637,0.209743791911245,0.000656667603348661,0.000723172759077455,0.00201403952241181,0.0171533037181717,0.498599075764783,0.669183170769648,0.569849810623818,0.00207957087906396,1,0.0146307471574199,0.311628924150428,0.280775818722075,4.75307322824901e-09,0.755774525567265,0.0127017898036888,0.00258428566319112,0.0848190897586853,0.322012929708211,0.270852984276243,0.107438805443327,0.540218704612552,0.847915561816151,0.638219738159584,0.0525535948980466,0.843493462170791,0.00853029360603739,0.119744937079888,0.810736916796013,0.364556728575635,0.00296250420029606,3.84964947715391e-05,0.978197095694007,0.404473176953552,0.08774793419329
"H3K4me",0.00303096745828929,0.00940845392326492,0.707625947919502,0.267304881388145,0.106140701857016,0.654697270468292,0.138449841962292,0.208800869083493,0.0539433874262945,0.982472603129764,0.429075851069091,0.320558684991133,0.352561037283477,0.0768562467623458,0.0146307471574199,1,0.227044078403884,0.882783247676637,0.00454122686375917,0.780267766426621,0.327434128017066,0.0384084469992041,0.0343096452959274,0.638101694822779,0.400047537980727,0.717095438476331,0.0106673276262417,0.893556719543531,0.588022981653281,0.181732781363362,0.369714756477883,0.75657122650684,0.196185680693374,0.726169745007035,0.275890036788765,0.0917298824653029,0.38748610963609,0.636044601743777,0.635827368567626,0.823978600126817
"H3K9me2K14ac",0.849203548486798,0.90487313914078,0.572492981143714,0.158140588193109,0.451489836100249,0.106952069527642,0.0131725591649684,0.406973174830472,0.0119357249608227,0.0243657629763714,0.712951465295829,0.00935548226859402,0.43431073530133,0.00209559598506329,0.311628924150428,0.227044078403884,1,0.0246383646230576,0.7004930023,0.0652035376124657,0.150377495015862,0.0381013302677084,0.130551789270933,0.000916664569829723,0.0578870679340631,0.00144154867683237,0.264860920341461,0.0352698916927484,0.0860158363386333,0.000207126766248507,0.0437857021372617,0.0394540236105151,0.366564460006255,0.0470196909472548,0.0842367375872524,0.00509904252962775,0.243318425864421,0.576940247563239,0.68177234391507,0.0846498127986296
"H2A1AK5ac",0.196182510817291,0.0461875577214505,0.547293815400578,0.585331093245598,0.905266917897103,0.582692169860318,0.441930821067833,0.260671074048939,0.0885816789780625,0.988492367786308,0.153700503719534,0.555079457018507,0.349177538032908,0.107586947967926,0.280775818722075,0.882783247676637,0.0246383646230576,1,0.390605687344878,3.39071864373663e-05,0.127219484764937,0.0183203341984614,0.0263657356616433,9.35426556958811e-06,2.81576614968249e-05,0.000369911756119458,0.0902448210964799,0.156061316090997,0.812839638622016,0.274398835569262,0.154133770486224,0.661746992829685,0.0407687916852492,0.22231865983942,0.0979149188347794,0.95510529671774,0.0977725520278355,0.452162261827761,0.000129161276981044,0.61929282044707
"H3K9acK14ac",1.81089453004736e-06,8.84273572833438e-08,0.369789288734487,0.536738694618142,0.00127058709681822,0.857334916603461,0.000319282672755747,8.14621895520778e-06,0.00222999021367154,0.336074776406885,0.571761166116689,0.46682893003271,0.307521379666477,0.0565889224249096,4.75307322824901e-09,0.00454122686375917,0.7004930023,0.390605687344878,1,0.427717549869508,0.00973961444069587,0.000462096597149735,0.0440226939584835,0.452976198196402,0.202491228381608,0.136787218997505,0.0176382128051577,0.913020312748161,0.8572613264007,0.173021676878301,0.227262378180324,0.701035929736036,0.0173255214834439,0.104470725596706,0.995936672577854,0.00728835113126594,0.00132354321341979,0.925808150553951,0.643059776108727,0.215146545950847
"H4K8acK12acK16ac",0.456237996853484,0.265880364483693,0.511454027754601,0.590157815489328,0.778052917650702,0.808198641907872,0.0783762391319679,0.0658010121717107,0.0706597690669472,0.611098216462026,0.368864053574314,0.553715688426061,0.0403735902281301,0.0150536160662214,0.755774525567265,0.780267766426621,0.0652035376124657,3.39071864373663e-05,0.427717549869508,1,0.00873260580850983,0.00346838057595423,0.00188793703510531,3.15424609532574e-07,8.85428709026168e-08,1.9280998501189e-06,0.21643010602486,0.181910988608001,0.987933513442163,0.252722727941809,0.555474722355573,0.474476274639974,0.000243306889765602,0.0698114062367219,0.077124166218411,0.817257194882151,0.685334638323561,0.716178850873088,0.00795094402951004,0.451699645536274
"H4K12acK16ac",0.155517534968302,0.203374981961097,0.407866349486883,0.500835538622028,0.126144302115323,0.954273814228423,0.0261555969913273,0.00205724401150787,0.0291280292998999,0.245644194273546,0.767358254042306,0.675088374803223,0.145790728586667,0.000269904331666801,0.0127017898036888,0.327434128017066,0.150377495015862,0.127219484764937,0.00973961444069587,0.00873260580850983,1,7.11703702133946e-06,9.8901809392526e-07,0.00041418396059081,0.00468134272459496,1.87053516930001e-05,0.614102761455096,0.734294224651321,0.308946904097117,0.237280865200189,0.728257922238012,0.692310541257354,0.00128547828696287,0.58365169386282,0.526547358778374,0.103635150132387,0.421065144765533,0.134115688769377,0.649042830453098,0.705868959111802
"H4K5acK16ac",0.0127341972811182,0.0464367187820207,0.0777285649813502,0.726103473877564,0.00370740429117643,0.756464394691659,0.0119888896502106,0.000520850961710725,1.89907894073953e-06,0.448631902106077,0.209833979093752,0.884706686157091,0.0339065579974535,1.88819998793307e-05,0.00258428566319112,0.0384084469992041,0.0381013302677084,0.0183203341984614,0.000462096597149735,0.00346838057595423,7.11703702133946e-06,1,0.000379435298894572,0.000114372750550738,0.00033896104846649,7.70517777438845e-06,0.0419700154223421,0.808510831688869,0.923799861962428,0.0606981237990788,0.984524405755263,0.678880178620596,0.00016098882986295,0.0695815906163193,0.367440014945934,0.0648182750409955,0.134473796197485,0.552246255929537,0.0902115742853277,0.0996889842039826
"H4K8acK16ac",0.140367030347393,0.163165914950364,0.203591333078227,0.869566603944457,0.053581705265416,0.454927242824523,0.32758540188455,0.0598366559582231,0.0366397209667002,0.618000457698198,0.783749134187877,0.850971227406695,0.491965637262727,0.0202886199613593,0.0848190897586853,0.0343096452959274,0.130551789270933,0.0263657356616433,0.0440226939584835,0.00188793703510531,9.8901809392526e-07,0.000379435298894572,1,0.00112649656484455,0.0131714494502986,5.9847436960398e-05,0.176941168599176,0.841428064222977,0.572882428494023,0.472441531068552,0.407662430057047,0.536632817954298,0.010568277045179,0.587146653359982,0.949679514861072,0.660922804131181,0.98241769707238,0.124792239275223,0.406009990489718,0.440293626363613
"H4K5acK8acK16ac",0.629153271486085,0.355701725106401,0.627442500429165,0.827254814535767,0.684373731375491,0.768772796050626,0.0704231723235243,0.153510345013609,0.0198124521074384,0.0609507497466031,0.234482055781107,0.707709128485025,0.0215707495556043,9.23783877174766e-05,0.322012929708211,0.638101694822779,0.000916664569829723,9.35426556958811e-06,0.452976198196402,3.15424609532574e-07,0.00041418396059081,0.000114372750550738,0.00112649656484455,1,5.16302828099486e-07,6.47786127759233e-09,0.793448468256391,0.47810749770612,0.829332991152225,0.0560571417114455,0.0684600307850811,0.472607220890517,0.00403894059155281,0.674206649855431,0.233332797798224,0.234459701598902,0.421171302636039,0.464424122188248,0.0407201495165339,0.262426464951511
"H4K5acK8acK12acK16ac",0.436768195752724,0.526008590044734,0.276176506265839,0.580626622881158,0.822027880901754,0.779406110197002,0.0407961038622176,0.00556300053857579,0.00349385947021029,0.488950051324923,0.716684303904904,0.52767017581061,0.0120129651816051,0.00101481788635725,0.270852984276243,0.400047537980727,0.0578870679340631,2.81576614968249e-05,0.202491228381608,8.85428709026168e-08,0.00468134272459496,0.00033896104846649,0.0131714494502986,5.16302828099486e-07,1,1.47123870509863e-05,0.0471579892341405,0.115947998162424,0.537565860716587,0.14980825290999,0.254562238992627,0.665655700394471,0.00271782015816973,0.0564994107900553,0.0793675723346752,0.483538088929894,0.811541638718883,0.621627642174521,0.00327712414112525,0.6389904625576
"H4K5acK12acK16ac",0.569945069277765,0.6560516410201,0.0856432009866169,0.772408660646729,0.24824549169603,0.900430747401802,0.0201203082744435,0.00853343401930389,0.000221904679779521,0.276448502815837,0.618510090410743,0.809991060335734,0.197591225263247,3.22147697114241e-05,0.107438805443327,0.717095438476331,0.00144154867683237,0.000369911756119458,0.136787218997505,1.9280998501189e-06,1.87053516930001e-05,7.70517777438845e-06,5.9847436960398e-05,6.47786127759233e-09,1.47123870509863e-05,1,0.672653413470097,0.692973277435218,0.842923847977506,0.0164168461367076,0.358494521151365,0.741851280865998,0.00105953104977316,0.752838433608112,0.694716054084586,0.407363612408346,0.3286982457273,0.424917885789136,0.143669660503413,0.0122819770493811
"H3K9me",0.0705192271678085,0.0891118299923491,0.103603955374804,0.904273076477988,0.0273528808439068,0.104616352221272,0.231403429557961,0.00946047943673861,0.110364683145811,0.0308511849765259,0.781224496561671,0.700207431847394,0.439364121004011,0.71047017031557,0.540218704612552,0.0106673276262417,0.264860920341461,0.0902448210964799,0.0176382128051577,0.21643010602486,0.614102761455096,0.0419700154223421,0.176941168599176,0.793448468256391,0.0471579892341405,0.672653413470097,1,0.777143371627361,0.437252057544093,0.820021517306133,0.480596542998266,0.0470160298702155,0.0300538359654062,6.54124456733171e-05,0.021334629326723,0.731963605662704,0.488001454162746,0.728576060246513,0.126901327008163,0.943125152519196
"H3K27me2K36me",0.649092629776451,0.440831297210123,0.0769012781829707,0.731592230783584,0.0626887591987372,0.188531319313604,0.0362936549516362,0.110454837206339,0.712554526109803,0.496280868116603,0.0968284054452229,0.000321012077896144,0.874200395849415,0.954029900541101,0.847915561816151,0.893556719543531,0.0352698916927484,0.156061316090997,0.913020312748161,0.181910988608001,0.734294224651321,0.808510831688869,0.841428064222977,0.47810749770612,0.115947998162424,0.692973277435218,0.777143371627361,1,0.231748690060993,0.0445041604384301,0.643533401458964,0.276746832708879,0.802161577710087,0.431164031751391,0.852548827501745,0.0648346148938839,0.525447120256539,0.372072626747983,0.842043973550235,0.487836070065088
"H3K79me",0.849756594931849,0.564676753572127,0.00640776954078326,0.277581079228707,0.0822700086227375,0.185977491692443,0.504550463529994,0.491912349115954,0.821979723929817,0.220242995406751,0.0545042861305912,0.142885358017033,0.649148066627937,0.955846517939966,0.638219738159584,0.588022981653281,0.0860158363386333,0.812839638622016,0.8572613264007,0.987933513442163,0.308946904097117,0.923799861962428,0.572882428494023,0.829332991152225,0.537565860716587,0.842923847977506,0.437252057544093,0.231748690060993,1,0.0993178331394333,0.644461533802776,0.175908433280278,0.492566836002073,0.217402472104359,0.44688829283551,0.00650180788455906,0.326778566781798,0.357577381875297,0.801336052643391,0.943932109175102
"H3K14ac",0.249077916981246,0.551388450879869,0.783552591485272,0.190673547411625,0.664721513891326,0.566215275055521,2.64763038594133e-05,0.00587948082443277,0.0010266623671884,0.16380596580712,0.968682269411237,0.0140449994480645,0.254986601110056,0.00031655487742945,0.0525535948980466,0.181732781363362,0.000207126766248507,0.274398835569262,0.173021676878301,0.252722727941809,0.237280865200189,0.0606981237990788,0.472441531068552,0.0560571417114455,0.14980825290999,0.0164168461367076,0.820021517306133,0.0445041604384301,0.0993178331394333,1,0.0793274933640221,0.0713802637329035,0.3390777314543,0.291560884514231,0.0329121027852218,0.00448485956952435,0.148974100236425,0.925774477169792,0.644440058643824,0.0113232486696745
"H4K5acK12ac",0.108594164866094,0.0775680813309515,0.530649432223324,0.158189146991658,0.110019517099575,0.127779093244057,0.540894843144672,0.57532438268022,0.786201062680204,0.0733654506496319,0.933600291283301,0.187890428605669,0.352133664391173,0.0175077939989522,0.843493462170791,0.369714756477883,0.0437857021372617,0.154133770486224,0.227262378180324,0.555474722355573,0.728257922238012,0.984524405755263,0.407662430057047,0.0684600307850811,0.254562238992627,0.358494521151365,0.480596542998266,0.643533401458964,0.644461533802776,0.0793274933640221,1,0.0505911694746061,0.714272950787174,0.153011009692914,0.730679040823774,0.654915775798967,0.856198643897764,0.538650170033209,0.877563540048172,0.803194043704414
"H3K18ac",0.935759614147246,0.542436604296628,0.194277251097284,0.912623119648563,0.834948117341254,0.0175821766802228,0.077547127261799,0.82018963882244,0.58470146892475,0.000208206413518484,0.467264624855626,0.598690355555551,0.577088911099104,0.0376541465832837,0.00853029360603739,0.75657122650684,0.0394540236105151,0.661746992829685,0.701035929736036,0.474476274639974,0.692310541257354,0.678880178620596,0.536632817954298,0.472607220890517,0.665655700394471,0.741851280865998,0.0470160298702155,0.276746832708879,0.175908433280278,0.0713802637329035,0.0505911694746061,1,0.981684962557549,0.0046819441375088,0.0788214061370187,0.00641700204401289,0.00198432557866156,0.848360095573606,0.489380959822446,0.168968448614197
"H4K5acK8acK12ac",0.293631581114626,0.278041160687507,0.0966836054590743,0.66808821819454,0.226768099971234,0.372665912225629,0.00667596554816045,0.00453815551589261,0.0793231474667582,0.898745344620951,0.551383409444276,0.909506615617216,0.0414069983795333,0.0166667408584795,0.119744937079888,0.196185680693374,0.366564460006255,0.0407687916852492,0.0173255214834439,0.000243306889765602,0.00128547828696287,0.00016098882986295,0.010568277045179,0.00403894059155281,0.00271782015816973,0.00105953104977316,0.0300538359654062,0.802161577710087,0.492566836002073,0.3390777314543,0.714272950787174,0.981684962557549,1,0.00258800081118659,0.509711441873335,0.521614157914061,0.529012712481565,0.593938947606782,0.0601574021202792,0.156369393163035
"H2AJK5acK9ac",0.691261269673144,0.673993512847286,0.0785446786927333,0.845616245954931,0.231829176629995,0.0279777951329446,0.537274262813595,0.038322525277794,0.360044930579304,0.0161867233388782,0.0831839621143627,0.499568715515714,0.0238894127064335,0.89063212246206,0.810736916796013,0.726169745007035,0.0470196909472548,0.22231865983942,0.104470725596706,0.0698114062367219,0.58365169386282,0.0695815906163193,0.587146653359982,0.674206649855431,0.0564994107900553,0.752838433608112,6.54124456733171e-05,0.431164031751391,0.217402472104359,0.291560884514231,0.153011009692914,0.0046819441375088,0.00258800081118659,1,0.0118380466131994,0.365898797854576,0.243598552696013,0.549218745108173,0.00423855660585657,0.339918554452168
"H2AJK5acT6ac",0.574594494439056,0.230150032951522,0.740482685667889,0.998381988742419,0.725923002168714,0.0551330208203062,0.55303317926757,0.707728594365391,0.630633487366439,0.989739069527296,0.309979242765046,0.912546032272648,0.308523170461104,0.448766373244802,0.364556728575635,0.275890036788765,0.0842367375872524,0.0979149188347794,0.995936672577854,0.077124166218411,0.526547358778374,0.367440014945934,0.949679514861072,0.233332797798224,0.0793675723346752,0.694716054084586,0.021334629326723,0.852548827501745,0.44688829283551,0.0329121027852218,0.730679040823774,0.0788214061370187,0.509711441873335,0.0118380466131994,1,0.310911147753963,0.509120830547957,0.353554546588906,0.134105947767332,0.193851153509044
"H3K23ac",0.0712760577605071,0.166846116312018,0.000837373445161568,0.00582597914836017,0.984723304679079,0.475908412115778,3.97543852619481e-05,0.0313397737306728,0.139477055258827,0.000804081012490684,0.833573715864711,0.000669566887912829,0.0327142014532115,0.0226997252370746,0.00296250420029606,0.0917298824653029,0.00509904252962775,0.95510529671774,0.00728835113126594,0.817257194882151,0.103635150132387,0.0648182750409955,0.660922804131181,0.234459701598902,0.483538088929894,0.407363612408346,0.731963605662704,0.0648346148938839,0.00650180788455906,0.00448485956952435,0.654915775798967,0.00641700204401289,0.521614157914061,0.365898797854576,0.310911147753963,1,0.00956496143841116,0.549235215389066,0.594833323367581,0.745137720909025
"H4K8acK12ac",0.0031449098225095,0.000789281552024911,0.870736999855441,0.916028499631075,0.0292641737603133,0.211468217027594,0.0123308001535629,0.225645935661521,0.229964587973966,0.000575948788096962,0.840395269669612,0.681631480807329,0.455149112096794,0.110432347873169,3.84964947715391e-05,0.38748610963609,0.243318425864421,0.0977725520278355,0.00132354321341979,0.685334638323561,0.421065144765533,0.134473796197485,0.98241769707238,0.421171302636039,0.811541638718883,0.3286982457273,0.488001454162746,0.525447120256539,0.326778566781798,0.148974100236425,0.856198643897764,0.00198432557866156,0.529012712481565,0.243598552696013,0.509120830547957,0.00956496143841116,1,0.782938816425494,0.0170905810440995,0.00897294655776993
"H1.5K33ac",0.490865480473458,0.907869703767294,0.580379255900714,0.68321251773268,0.410993254133486,0.860077758338353,0.816875025373861,0.740747394687164,0.706602073180783,0.664643051174704,0.52662765917263,0.997591552494374,0.833240848288282,0.873625579030521,0.978197095694007,0.636044601743777,0.576940247563239,0.452162261827761,0.925808150553951,0.716178850873088,0.134115688769377,0.552246255929537,0.124792239275223,0.464424122188248,0.621627642174521,0.424917885789136,0.728576060246513,0.372072626747983,0.357577381875297,0.925774477169792,0.538650170033209,0.848360095573606,0.593938947606782,0.549218745108173,0.353554546588906,0.549235215389066,0.782938816425494,1,0.995025500653736,0.968512365538146
"H1K25me",0.128535248738799,0.158896299765587,0.146428806249251,0.471086956817252,0.906127033633775,0.203502964064337,0.682697225490499,0.548675056742046,0.159252484510635,0.197196304027513,0.0291783448401104,0.69603385597112,0.466070659734117,0.506852164671279,0.404473176953552,0.635827368567626,0.68177234391507,0.000129161276981044,0.643059776108727,0.00795094402951004,0.649042830453098,0.0902115742853277,0.406009990489718,0.0407201495165339,0.00327712414112525,0.143669660503413,0.126901327008163,0.842043973550235,0.801336052643391,0.644440058643824,0.877563540048172,0.489380959822446,0.0601574021202792,0.00423855660585657,0.134105947767332,0.594833323367581,0.0170905810440995,0.995025500653736,1,0.553229246856067
"H4K16ac",0.0251334668561893,0.0178782149478814,0.00666566536181322,0.0746116950694265,0.078408618338963,0.305350025333983,0.140605146944969,0.0962592378875937,0.0072777903383156,0.653063485631151,0.267848917567549,0.473422544526573,0.151895981113263,0.227799358436041,0.08774793419329,0.823978600126817,0.0846498127986296,0.61929282044707,0.215146545950847,0.451699645536274,0.705868959111802,0.0996889842039826,0.440293626363613,0.262426464951511,0.6389904625576,0.0122819770493811,0.943125152519196,0.487836070065088,0.943932109175102,0.0113232486696745,0.803194043704414,0.168968448614197,0.156369393163035,0.339918554452168,0.193851153509044,0.745137720909025,0.00897294655776993,0.968512365538146,0.553229246856067,1
