"","H1K25me","H1.5K33ac","H2A1AK5ac","H2A1BK15ac","H2AJK5acK9ac","H2AJK5acK9hib","H2AJK5acT6ac","H3K18acK23ac","H3K18ac","H3K23ac","H3K23su","H3K27hib","H3K27meK36me2","H3K27me2K36me","H3K27me2","H3K27me3","H3K36me2","H3K4me","H3K79me","H3K9acK14ac","H3K9meK14ac","H3K9me","H3K9me2K14ac","H3K9me2","H3K9me3K14ac","H3K9me3","H3K14ac","H4K5acK8acK12acK16ac","H4K5acK8acK12ac","H4K5acK8acK16ac","H4K5acK8ac","H4K5acK12acK16ac","H4K5acK12ac","H4K5acK16ac","H4K5ac","H4K8acK12acK16ac","H4K8acK12ac","H4K8acK16ac","H4K8ac","H4K12acK16ac","H4K12ac","H4K16ac"
"H1K25me",1,0.136309417273197,-0.0877015227950034,-0.463367624829381,-0.143856914363397,0.0874560464514247,0.144934441676621,-0.13970005506142,-0.168858896568007,0.23225933758324,0.0441947111502641,-0.0142387456468385,-0.284527292883582,0.28214449617077,0.469887003585657,-0.142734029275518,0.104208970797771,0.251518990347822,0.148766807451879,0.190211316365249,0.0631036978004565,0.0263635578677912,0.192993384606388,-0.0373691666043225,-0.346592768750134,-0.065534427551912,0.0394177789921632,0.23098410526764,-0.0810754564487118,-0.0416842860389974,-0.0702283204462101,0.185091922884479,0.244154964568095,0.132027567807577,0.128049384848809,0.407149675829048,-0.0320318751875546,0.529856663799331,-0.0015656285751969,0.533887293145629,0.21641809239183,0.29311401963343
"H1.5K33ac",0.136309417273197,1,0.0985370041278434,0.0028508057758078,-0.190954770731866,0.162556133841757,-0.210810223088024,-0.022833245814832,-0.322653466314952,-0.279275588541743,0.0730807824984554,-0.0117474801924151,-0.129952621307879,0.323399505381146,-0.059259263420332,0.376157919592312,0.048101268821626,0.0729754103247436,0.231714891734994,0.0755999008255117,-0.330988752559261,0.126613428188783,0.187454068241097,0.489646434285364,0.0880186580108704,0.0523371894083854,-0.506210177491297,-0.180465141984238,-0.114709437432878,0.143043260747329,-0.0687716254067314,-0.00832949200528236,0.0872911326737939,0.463601966686488,-0.264740552688884,0.24369082265759,-0.0659626691892488,0.469591748057543,0.0500390612449092,0.341427329829938,-0.294344972366459,0.477163272813199
"H2A1AK5ac",-0.0877015227950034,0.0985370041278434,1,-0.272300501556146,-0.0211944604680919,0.182726310752984,-0.0726260256829611,0.130557411003392,0.102785211663147,0.205528255697275,0.705456957361231,-0.0922515230065203,0.250328532987856,-0.0701350317759362,-0.186923757747861,-0.0680472565482124,0.0153508165735448,-0.271683078849736,-0.155900619434221,0.171936638120876,0.00372221811319813,-0.423544012151468,0.308077613210403,-0.28040455275202,0.064820125803415,-0.0726340795140071,0.213483736876739,0.105802456523024,0.419243819791551,-0.201715311848417,0.0149358772014516,0.0752118586583367,0.421484561496923,0.151049456921969,0.141252026083007,0.0112252197224984,0.131481519846158,0.113419861413731,0.0798349321407995,-0.0414190265472938,0.273839259253297,-0.050001087859703
"H2A1BK15ac",-0.463367624829381,0.0028508057758078,-0.272300501556146,1,0.235023552789092,-0.427476745749293,-0.331456081095627,0.320905879020948,-0.0924609593860068,-0.685306887056309,-0.324976752291775,0.447348341066886,-0.106076194521403,0.0211164760146043,-0.014299201290411,-0.0424462637555258,0.0818703764427646,0.154437512991257,0.013705685338969,-0.327763810260226,-0.250277692816332,0.268793062950082,0.0656988472332445,0.375068654082351,0.162698127296259,-0.192549967757281,-0.224486388874749,-0.364394335423331,-0.347275909765114,0.272735534771773,0.122449683738917,-0.365946244406988,-0.139445435068345,-0.125261342849605,-0.323410345435814,-0.464785999085905,-0.485458615585287,-0.304996958789298,0.103814001113826,-0.346206545740846,-0.380351141053685,0.0129573850959187
"H2AJK5acK9ac",-0.143856914363397,-0.190954770731866,-0.0211944604680919,0.235023552789092,1,-0.783543996837078,0.123052718118694,0.15571220716943,0.425465036516714,0.108264387028038,-0.129174852381323,0.226287902331828,-0.116212526125365,-0.219060151310697,0.158126530982885,-0.385222368112965,-0.210920201931644,-0.17079722998324,-0.371621476796543,-0.625363511070828,0.265588252614457,0.00299255944568065,-0.186324254474954,-0.206591409003094,-0.264241437875266,-0.120169783885724,0.523395812962873,-0.389943126830226,-0.231423978370525,0.376662216153224,-0.28647539906741,-0.447586626613393,0.150599677924363,0.0130638791055919,0.181561031351467,-0.0696539289408098,-0.522275284847405,0.0995767216072398,0.12574228725092,0.07085792515915,0.301410336384291,-0.0241131404785252
"H2AJK5acK9hib",0.0874560464514247,0.162556133841757,0.182726310752984,-0.427476745749293,-0.783543996837078,1,0.226427395480185,-0.510585880250934,-0.279440763479008,0.223024537026598,0.113241874129627,-0.299153059115617,-0.0156555264304863,0.283754628541117,-0.0546012142393842,0.196598939665671,0.0344156123773603,-0.143484385688549,0.205441480792383,0.571355586428176,-0.0045504091830291,0.0815970013933703,-0.0875357643607758,-0.227955797202487,-0.0559479133820144,0.0430512136165413,-0.0552341767898051,0.57574816171967,0.347681349208879,-0.320205124165831,0.163810983416984,0.604712223142837,0.0364198135611007,0.18145641352938,0.0692622115240572,0.158159256424864,0.648173566847126,-0.0329269006064195,-0.150545384863166,0.0239814508332237,-0.128743739378535,-0.0896075361001905
"H2AJK5acT6ac",0.144934441676621,-0.210810223088024,-0.0726260256829611,-0.331456081095627,0.123052718118694,0.226427395480185,1,-0.572827551820376,-0.212026702081059,0.308458033958463,-0.230089566038765,-0.336282875586048,-0.0559114001542049,0.0987757013563327,0.359854696729081,-0.232231877564036,-0.580695577972981,-0.396503664767287,-0.0035545963236926,0.150912550899519,0.187819801696644,0.163506113245449,-0.585041364521476,-0.608232919863531,-0.311322596486828,0.0315825735221405,0.564936833313989,0.345263956381949,-0.0700252632328063,-0.039356017998116,-0.0728122636609448,0.309500730832835,0.0559899728496341,0.045978171659055,0.0928994468491075,0.220478063224244,0.3300336937744,0.0518054059315641,-0.370513537462472,-0.0578563391572007,0.150838310811478,-0.278277895923943
"H3K18acK23ac",-0.13970005506142,-0.022833245814832,0.130557411003392,0.320905879020948,0.15571220716943,-0.510585880250934,-0.572827551820376,1,0.235915959694446,-0.226827426925177,0.263511125831282,0.357884022996345,0.172654173740943,-0.186234277969174,-0.205473904066863,-0.051678766480803,0.289834904959895,0.472974840186083,0.0991971906805863,-0.366306019514248,0.146095447786606,-0.224859631931456,0.507746180680284,0.302226726127604,0.241264826346717,0.123308869025882,-0.361079914618002,-0.515426565189655,0.083200121310276,0.0279451271016806,0.101156895715772,-0.489024324122329,-0.0745309808665035,-0.0173868476722123,-0.154356966579554,-0.0381708835450237,-0.368268329067285,0.0419033944947638,0.347393246249648,0.00377187490957095,-0.141664732634556,0.0583728220462282
"H3K18ac",-0.168858896568007,-0.322653466314952,0.102785211663147,-0.0924609593860068,0.425465036516714,-0.279440763479008,-0.212026702081059,0.235915959694446,1,0.352299904528439,0.102006827596907,0.00624511435534948,0.142061602535458,-0.488118898601093,-0.122352424327514,-0.179498497651828,0.26500299344605,-0.170206977565961,-0.134510675201803,-0.50675931970575,0.339653191388396,-0.1854601995613,0.0114980095649645,-0.242184426334297,-0.154345919654645,0.0997488505661556,0.309659301260864,-0.317290484062435,0.426303529140937,0.123282975694299,0.0266086483167157,-0.4209427592625,-0.0278652563675918,-0.0982879413985689,0.422728000035463,-0.230758196601892,-0.176525195016162,-0.100665936404473,-0.00889616270356501,0.0246485718466855,0.10046073847816,-0.166395008213352
"H3K23ac",0.23225933758324,-0.279275588541743,0.205528255697275,-0.685306887056309,0.108264387028038,0.223024537026598,0.308458033958463,-0.226827426925177,0.352299904528439,1,0.351352030743638,-0.215574855580414,0.0289966839107135,-0.0523753609163517,-0.067833419586439,-0.309390210543483,0.0455085849660583,-0.28194459238733,-0.0811301228731367,-0.0510732524820459,0.345581790547136,-0.285006095194025,-0.0636255837996154,-0.641701144468673,-0.317480662737144,0.155148448423803,0.513347454401872,0.317751468811323,0.26055243219909,0.0615838527167189,-0.261131455542755,0.324572109336102,0.351501041925062,0.177158404666693,0.263090460344457,0.242641759576866,0.0530201671293577,0.316049970147326,-0.0281277133775491,0.349255322887894,0.368992629683311,-0.132868084282678
"H3K23su",0.0441947111502641,0.0730807824984554,0.705456957361231,-0.324976752291775,-0.129174852381323,0.113241874129627,-0.230089566038765,0.263511125831282,0.102006827596907,0.351352030743638,1,-0.153464093886201,0.310379598898099,-0.0711820999619124,-0.14012981626891,-0.0258246567099997,0.262216350935992,-0.0499391829300308,0.0145801669147366,0.0243682938813348,-0.0522599756202523,-0.325741739387061,0.488828691792425,-0.0372795238187414,-0.0538034111916851,0.212472427717294,-0.0821997589671362,0.166399463022556,0.306291500514267,-0.0889833098648462,-0.101967797824467,0.0404432791097254,0.0922284512838944,0.328980900622144,-0.129616986831715,0.075133422529993,-0.148313497228616,0.167243854185051,-0.162081999889089,0.0838868066656916,0.00310585161777642,0.229988564457071
"H3K27hib",-0.0142387456468385,-0.0117474801924151,-0.0922515230065203,0.447348341066886,0.226287902331828,-0.299153059115617,-0.336282875586048,0.357884022996345,0.00624511435534948,-0.215574855580414,-0.153464093886201,1,-0.659784830179024,0.280115818815164,0.183150437576358,-0.233387966243109,0.43490443254014,0.435116475225699,-0.0838433785011862,-0.0732864029093478,0.295925718677728,0.48245567896118,0.140706076994398,-0.0147597920541804,-0.256510648482195,-0.16952083094318,-0.0815990706902103,0.0160421109077311,-0.179116859979788,0.321651177814239,0.313836118572688,0.0330310112854606,-0.110372605471085,0.0445325428660237,-0.0567937374810555,0.12794766192009,-0.208885105326514,0.188485526369119,0.161027275346497,0.18497406304198,-0.0997536076646581,0.0559521319823325
"H3K27meK36me2",-0.284527292883582,-0.129952621307879,0.250328532987856,-0.106076194521403,-0.116212526125365,-0.0156555264304863,-0.0559114001542049,0.172654173740943,0.142061602535458,0.0289966839107135,0.310379598898099,-0.659784830179024,1,-0.525164397597935,-0.612555034988112,0.223108850422705,-0.40327271369836,-0.228040063445401,-0.172629627753607,0.0030013857079001,-0.287612424261921,-0.742143744344316,0.0501808308144034,0.149751656577086,0.483538262072517,0.304279151432572,-0.0392894033356323,-0.182322099796716,0.424620596945303,-0.342995402592772,-0.0647779492502533,-0.314040234011297,0.0133348040293594,-0.288400337491308,0.0189115299480804,-0.474326350544809,0.0623947178365578,-0.420033667717763,-0.075328645442937,-0.511671944897086,0.0543650307569994,-0.190322961204073
"H3K27me2K36me",0.28214449617077,0.323399505381146,-0.0701350317759362,0.0211164760146043,-0.219060151310697,0.283754628541117,0.0987757013563327,-0.186234277969174,-0.488118898601093,-0.0523753609163517,-0.0711820999619124,0.280115818815164,-0.525164397597935,1,0.341962103539821,-0.150205383866874,0.0409558359314115,0.219714750921034,0.484416525137294,0.357616007526166,-0.12075594266072,0.273706671696532,0.319847384590177,0.0723613492052906,-0.11478927931945,-0.504255620952673,-0.22845908808135,0.544591157813863,0.0133719663180329,0.123713414376277,-0.387705359290174,0.591440734019168,-0.0529066600542583,0.45486222509228,-0.33981731512834,0.332055484234468,0.110037711245362,0.376801275220531,-0.142710693151303,0.43990951934618,-0.25529243316299,0.238095388230834
"H3K27me2",0.469887003585657,-0.059259263420332,-0.186923757747861,-0.014299201290411,0.158126530982885,-0.0546012142393842,0.359854696729081,-0.205473904066863,-0.122352424327514,-0.067833419586439,-0.14012981626891,0.183150437576358,-0.612555034988112,0.341962103539821,1,-0.409646126906863,0.0564631595024616,0.0679815123924902,0.208339442596094,-0.163991687439394,0.223730143631694,0.470609441913427,0.00807956628639127,-0.198518489139414,-0.596087179040294,-0.157905091006337,0.255582443776816,0.110543542382087,-0.261869340790328,0.251085717991398,-0.125350053291786,0.0980897616970587,0.0127238202369853,0.266596468464111,0.0916671845259835,0.352018638720977,-0.0224083817525412,0.198142413185281,-0.270578483569213,0.353542381293807,-0.0309143718403465,0.144009046743153
"H3K27me3",-0.142734029275518,0.376157919592312,-0.0680472565482124,-0.0424462637555258,-0.385222368112965,0.196598939665671,-0.232231877564036,-0.051678766480803,-0.179498497651828,-0.309390210543483,-0.0258246567099997,-0.233387966243109,0.223108850422705,-0.150205383866874,-0.409646126906863,1,-0.0763133765386707,0.249019421905996,0.0227439787574384,0.200720301531378,-0.0605171903958121,0.117256939449029,-0.003795053831928,0.454764877596045,0.422509956773937,0.129173976732117,-0.638196541953193,-0.0210264570846815,-0.12904637665843,-0.552287837644774,0.108887226141351,0.00707767261587664,-0.391905565311143,-5.97512145138163e-05,-0.160623683495057,0.060958713961979,0.0667209679801963,0.0622109746798297,0.0520752680436199,-0.14560308937183,-0.371416090729323,0.327473672907658
"H3K36me2",0.104208970797771,0.048101268821626,0.0153508165735448,0.0818703764427646,-0.210920201931644,0.0344156123773603,-0.580695577972981,0.289834904959895,0.26500299344605,0.0455085849660583,0.262216350935992,0.43490443254014,-0.40327271369836,0.0409558359314115,0.0564631595024616,-0.0763133765386707,1,0.103384667533086,0.355599297829383,0.0314516810530586,0.0298417568591877,0.280321844830318,0.3382769527846,0.0875451880023266,-0.112238787063785,-0.0364188272135248,-0.333089678815754,-0.0290415394209098,0.0197531095101653,0.257911442153576,0.23437667623989,0.00384176565372743,-0.0565030099150927,0.101122483585111,-0.150283561275859,0.118397844935878,-0.173067713529374,0.172714501172209,0.0835266166583787,0.338994603945612,-0.16780388905306,0.24970280697635
"H3K4me",0.251518990347822,0.0729754103247436,-0.271683078849736,0.154437512991257,-0.17079722998324,-0.143484385688549,-0.396503664767287,0.472974840186083,-0.170206977565961,-0.28194459238733,-0.0499391829300308,0.435116475225699,-0.228040063445401,0.219714750921034,0.0679815123924902,0.249019421905996,0.103384667533086,1,0.00980303244769644,-0.0835808767162266,0.187572597975051,0.190271519442441,0.435827424474031,0.503505814536743,0.0412666869982176,0.0769728632193319,-0.506135428957288,-0.024799004800196,-0.209029609429926,-0.161908270828671,0.233106094512494,-0.0952939337149092,-0.381132506798037,-0.0755688623726342,-0.0233332584538733,0.216261752975387,-0.0998110010992937,0.183485774195488,0.307693071819827,0.206371769880137,-0.189517512699045,0.218127723725362
"H3K79me",0.148766807451879,0.231714891734994,-0.155900619434221,0.013705685338969,-0.371621476796543,0.205441480792383,-0.0035545963236926,0.0991971906805863,-0.134510675201803,-0.0811301228731367,0.0145801669147366,-0.0838433785011862,-0.172629627753607,0.484416525137294,0.208339442596094,0.0227439787574384,0.355599297829383,0.00980303244769644,1,0.202705125190169,-0.180645914004389,0.157547509158376,0.25782633328718,0.0798370898673079,0.10611260393588,-0.128126863981829,-0.458620042216543,0.210342136134934,0.126891376402426,0.072768514914751,-0.272816423893182,0.317934387633651,-0.188911645716481,0.248400330314299,-0.610289297704418,0.372898265464521,0.03925228173348,0.24785624528566,-0.219116872732595,0.326330721820106,-0.553255784716354,0.210306295171262
"H3K9acK14ac",0.190211316365249,0.0755999008255117,0.171936638120876,-0.327763810260226,-0.625363511070828,0.571355586428176,0.150912550899519,-0.366306019514248,-0.50675931970575,-0.0510732524820459,0.0243682938813348,-0.0732864029093478,0.0030013857079001,0.357616007526166,-0.163991687439394,0.200720301531378,0.0314516810530586,-0.0835808767162266,0.202705125190169,1,-0.296319743246964,0.0089498817522627,-0.0420712425293483,-0.0852757953898364,0.249339239266631,-0.14923491921544,-0.194739269989494,0.658534592615602,0.230996182067465,-0.200034973255872,0.133371563369911,0.676416042804961,-0.103415520702717,-0.0348300181157654,-0.0828512185867857,0.203431013389932,0.625878020187841,0.090703116749017,-0.143750317341016,0.0779602204812825,-0.0357206987001251,0.135237576622488
"H3K9meK14ac",0.0631036978004565,-0.330988752559261,0.00372221811319813,-0.250277692816332,0.265588252614457,-0.0045504091830291,0.187819801696644,0.146095447786606,0.339653191388396,0.345581790547136,-0.0522599756202523,0.295925718677728,-0.287612424261921,-0.12075594266072,0.223730143631694,-0.0605171903958121,0.0298417568591877,0.187572597975051,-0.180645914004389,-0.296319743246964,1,0.240187952001861,-0.153998851585394,-0.518045576924033,-0.392148572675909,-0.0161673676554946,0.330657973762148,0.0541319865943677,0.103270775234987,-0.306354870303924,0.123239267740661,-0.0571433810963848,-0.0665079149089142,0.0371743456408165,0.272869554229262,0.39637255079176,0.115770508225521,0.0765794689167374,0.116514667871012,0.0771851428889536,0.210528974142991,-0.282225995476938
"H3K9me",0.0263635578677912,0.126613428188783,-0.423544012151468,0.268793062950082,0.00299255944568065,0.0815970013933703,0.163506113245449,-0.224859631931456,-0.1854601995613,-0.285006095194025,-0.325741739387061,0.48245567896118,-0.742143744344316,0.273706671696532,0.470609441913427,0.117256939449029,0.280321844830318,0.190271519442441,0.157547509158376,0.0089498817522627,0.240187952001861,1,-0.381845014855762,-0.0216667514107198,-0.503182231260975,0.0245825828330857,-0.149099383880242,0.200994800981649,-0.44057146734014,0.139785774454663,0.28140206885365,0.197632450993278,-0.475731273349954,0.229051441160968,-0.172388197515335,0.277935478126343,-0.0639791893086208,0.1146560045897,-0.191085463724465,0.124519132895216,-0.438869476549116,0.225658861452054
"H3K9me2K14ac",0.192993384606388,0.187454068241097,0.308077613210403,0.0656988472332445,-0.186324254474954,-0.0875357643607758,-0.585041364521476,0.507746180680284,0.0114980095649645,-0.0636255837996154,0.488828691792425,0.140706076994398,0.0501808308144034,0.319847384590177,0.00807956628639127,-0.003795053831928,0.3382769527846,0.435827424474031,0.25782633328718,-0.0420712425293483,-0.153998851585394,-0.381845014855762,1,0.431314531972926,0.358331335472981,-0.34775776169571,-0.446879549217395,-0.0912973570734722,0.159162316956984,0.0410328287033806,-0.23293293983471,-0.120322764523773,0.0958707524978648,0.248526347694807,-0.164606128725767,0.0642922199780822,-0.204955821770228,0.293256384230694,0.0930985790424234,0.325041421350932,-0.0640453369964118,0.322653129031958
"H3K9me2",-0.0373691666043225,0.489646434285364,-0.28040455275202,0.375068654082351,-0.206591409003094,-0.227955797202487,-0.608232919863531,0.302226726127604,-0.242184426334297,-0.641701144468673,-0.0372795238187414,-0.0147597920541804,0.149751656577086,0.0723613492052906,-0.198518489139414,0.454764877596045,0.0875451880023266,0.503505814536743,0.0798370898673079,-0.0852757953898364,-0.518045576924033,-0.0216667514107198,0.431314531972926,1,0.446177049485954,-0.0108491640243932,-0.781865052626814,-0.384496665577162,-0.257165403574049,-0.00160906631401005,0.0313137687013234,-0.401746162555581,-0.338900728914266,-0.0518070865359118,-0.275810854289753,-0.220287143902377,-0.243204879801358,-0.0700515252810267,0.116078280110819,-0.0463370978095885,-0.289124773051183,0.372792439085774
"H3K9me3K14ac",-0.346592768750134,0.0880186580108704,0.064820125803415,0.162698127296259,-0.264241437875266,-0.0559479133820144,-0.311322596486828,0.241264826346717,-0.154345919654645,-0.317480662737144,-0.0538034111916851,-0.256510648482195,0.483538262072517,-0.11478927931945,-0.596087179040294,0.422509956773937,-0.112238787063785,0.0412666869982176,0.10611260393588,0.249339239266631,-0.392148572675909,-0.503182231260975,0.358331335472981,0.446177049485954,1,-0.301411676806393,-0.478393149999876,-0.277676439043657,0.00504914993613945,-0.177204011249847,-0.0439248567682025,-0.170045671172865,-0.0435872972127523,-0.214440928316453,-0.276557816531434,-0.143544381433273,0.112687241244467,-0.106504821174788,0.13710124108301,-0.248095326129404,-0.00414103649897103,-0.0138666495205726
"H3K9me3",-0.065534427551912,0.0523371894083854,-0.0726340795140071,-0.192549967757281,-0.120169783885724,0.0430512136165413,0.0315825735221405,0.123308869025882,0.0997488505661556,0.155148448423803,0.212472427717294,-0.16952083094318,0.304279151432572,-0.504255620952673,-0.157905091006337,0.129173976732117,-0.0364188272135248,0.0769728632193319,-0.128126863981829,-0.14923491921544,-0.0161673676554946,0.0245825828330857,-0.34775776169571,-0.0108491640243932,-0.301411676806393,1,-0.0246854819587671,-0.113646442360932,0.0465144020868082,0.0520010502504739,0.331428049530439,-0.0718021862917814,-0.165076484116466,-0.108099955028661,0.129569136333638,-0.020560104334888,0.0181446507860175,-0.0893931751742988,-0.010284687175686,-0.0731099812979074,-0.220897716483786,0.0409132842389702
"H3K14ac",0.0394177789921632,-0.506210177491297,0.213483736876739,-0.224486388874749,0.523395812962873,-0.0552341767898051,0.564936833313989,-0.361079914618002,0.309659301260864,0.513347454401872,-0.0821997589671362,-0.0815990706902103,-0.0392894033356323,-0.22845908808135,0.255582443776816,-0.638196541953193,-0.333089678815754,-0.506135428957288,-0.458620042216543,-0.194739269989494,0.330657973762148,-0.149099383880242,-0.446879549217395,-0.781865052626814,-0.478393149999876,-0.0246854819587671,1,0.0948336838987243,0.108275445401664,0.164907748587966,-0.0739451827233066,0.0333878092541186,0.489898657923044,-0.132710927694773,0.542315449620511,-0.0904037240274366,0.0839414611876369,-0.115342651503553,0.0204345564195191,-0.051560746779447,0.59302373259271,-0.43232720836683
"H4K5acK8acK12acK16ac",0.23098410526764,-0.180465141984238,0.105802456523024,-0.364394335423331,-0.389943126830226,0.57574816171967,0.345263956381949,-0.515426565189655,-0.317290484062435,0.317751468811323,0.166399463022556,0.0160421109077311,-0.182322099796716,0.544591157813863,0.110543542382087,-0.0210264570846815,-0.0290415394209098,-0.024799004800196,0.210342136134934,0.658534592615602,0.0541319865943677,0.200994800981649,-0.0912973570734722,-0.384496665577162,-0.277676439043657,-0.113646442360932,0.0948336838987243,1,0.293360953214166,-0.240864374986536,-0.116871164477664,0.844430848705089,-0.200945569315863,0.11348652806066,-0.120390872466964,0.24631901748331,0.40430054890148,0.070689577220978,-0.358266178920643,0.11040358402937,-0.124349060845426,0.0224082182570843
"H4K5acK8acK12ac",-0.0810754564487118,-0.114709437432878,0.419243819791551,-0.347275909765114,-0.231423978370525,0.347681349208879,-0.0700252632328063,0.083200121310276,0.426303529140937,0.26055243219909,0.306291500514267,-0.179116859979788,0.424620596945303,0.0133719663180329,-0.261869340790328,-0.12904637665843,0.0197531095101653,-0.209029609429926,0.126891376402426,0.230996182067465,0.103270775234987,-0.44057146734014,0.159162316956984,-0.257165403574049,0.00504914993613945,0.0465144020868082,0.108275445401664,0.293360953214166,1,-0.244081599161,-0.0225334504724656,0.125689431693589,-0.0386146715374334,-0.0449110520598728,0.230319597370558,-0.207311010709931,0.462282512230236,-0.249547824550357,-0.242202968118256,-0.111345463337,-0.0199048566799168,-0.291429528017462
"H4K5acK8acK16ac",-0.0416842860389974,0.143043260747329,-0.201715311848417,0.272735534771773,0.376662216153224,-0.320205124165831,-0.039356017998116,0.0279451271016806,0.123282975694299,0.0615838527167189,-0.0889833098648462,0.321651177814239,-0.342995402592772,0.123713414376277,0.251085717991398,-0.552287837644774,0.257911442153576,-0.161908270828671,0.072768514914751,-0.200034973255872,-0.306354870303924,0.139785774454663,0.0410328287033806,-0.00160906631401005,-0.177204011249847,0.0520010502504739,0.164907748587966,-0.240864374986536,-0.244081599161,1,-0.125706540206413,-0.0564505786757841,0.145455089625009,0.298124853329022,0.00341953316872453,0.0385609496797762,-0.295978389671504,0.308481366476169,-0.0702307723630063,0.460527181268924,-0.0866373225910095,0.306579992680471
"H4K5acK8ac",-0.0702283204462101,-0.0687716254067314,0.0149358772014516,0.122449683738917,-0.28647539906741,0.163810983416984,-0.0728122636609448,0.101156895715772,0.0266086483167157,-0.261131455542755,-0.101967797824467,0.313836118572688,-0.0647779492502533,-0.387705359290174,-0.125350053291786,0.108887226141351,0.23437667623989,0.233106094512494,-0.272816423893182,0.133371563369911,0.123239267740661,0.28140206885365,-0.23293293983471,0.0313137687013234,-0.0439248567682025,0.331428049530439,-0.0739451827233066,-0.116871164477664,-0.0225334504724656,-0.125706540206413,1,-0.235954041543462,-0.182557364249453,-0.494603545561224,0.204439681414544,-0.14763813035028,0.312262802528663,-0.282232875822638,0.0672105125129697,-0.353784516343907,0.0827523380012829,-0.339916134653383
"H4K5acK12acK16ac",0.185091922884479,-0.00832949200528236,0.0752118586583367,-0.365946244406988,-0.447586626613393,0.604712223142837,0.309500730832835,-0.489024324122329,-0.4209427592625,0.324572109336102,0.0404432791097254,0.0330310112854606,-0.314040234011297,0.591440734019168,0.0980897616970587,0.00707767261587664,0.00384176565372743,-0.0952939337149092,0.317934387633651,0.676416042804961,-0.0571433810963848,0.197632450993278,-0.120322764523773,-0.401746162555581,-0.170045671172865,-0.0718021862917814,0.0333878092541186,0.844430848705089,0.125689431693589,-0.0564505786757841,-0.235954041543462,1,0.00219173935124945,0.30391956031132,-0.153182500854784,0.40124176680207,0.375873382495765,0.280614966158887,-0.185425694627105,0.296194467487056,-0.207320803620128,0.147745648333949
"H4K5acK12ac",0.244154964568095,0.0872911326737939,0.421484561496923,-0.139445435068345,0.150599677924363,0.0364198135611007,0.0559899728496341,-0.0745309808665035,-0.0278652563675918,0.351501041925062,0.0922284512838944,-0.110372605471085,0.0133348040293594,-0.0529066600542583,0.0127238202369853,-0.391905565311143,-0.0565030099150927,-0.381132506798037,-0.188911645716481,-0.103415520702717,-0.0665079149089142,-0.475731273349954,0.0958707524978648,-0.338900728914266,-0.0435872972127523,-0.165076484116466,0.489898657923044,-0.200945569315863,-0.0386146715374334,0.145455089625009,-0.182557364249453,0.00219173935124945,1,0.0307328943215642,0.250542445561062,-0.0347630012604773,-0.12905131622329,0.243766012579993,0.44647421720645,0.18816663600738,0.570480042931184,-0.147125698685882
"H4K5acK16ac",0.132027567807577,0.463601966686488,0.151049456921969,-0.125261342849605,0.0130638791055919,0.18145641352938,0.045978171659055,-0.0173868476722123,-0.0982879413985689,0.177158404666693,0.328980900622144,0.0445325428660237,-0.288400337491308,0.45486222509228,0.266596468464111,-5.97512145138163e-05,0.101122483585111,-0.0755688623726342,0.248400330314299,-0.0348300181157654,0.0371743456408165,0.229051441160968,0.248526347694807,-0.0518070865359118,-0.214440928316453,-0.108099955028661,-0.132710927694773,0.11348652806066,-0.0449110520598728,0.298124853329022,-0.494603545561224,0.30391956031132,0.0307328943215642,1,-0.188334729991173,0.401963677642411,-0.251334552733269,0.60148613951548,-0.241259937369906,0.518800569881593,-0.421410900863147,0.617551400906908
"H4K5ac",0.128049384848809,-0.264740552688884,0.141252026083007,-0.323410345435814,0.181561031351467,0.0692622115240572,0.0928994468491075,-0.154356966579554,0.422728000035463,0.263090460344457,-0.129616986831715,-0.0567937374810555,0.0189115299480804,-0.33981731512834,0.0916671845259835,-0.160623683495057,-0.150283561275859,-0.0233332584538733,-0.610289297704418,-0.0828512185867857,0.272869554229262,-0.172388197515335,-0.164606128725767,-0.275810854289753,-0.276557816531434,0.129569136333638,0.542315449620511,-0.120390872466964,0.230319597370558,0.00341953316872453,0.204439681414544,-0.153182500854784,0.250542445561062,-0.188334729991173,1,-0.217541006467807,0.306993466325118,-0.068166652574348,0.299848515803755,0.134666012992748,0.484138352967776,-0.124384604955593
"H4K8acK12acK16ac",0.407149675829048,0.24369082265759,0.0112252197224984,-0.464785999085905,-0.0696539289408098,0.158159256424864,0.220478063224244,-0.0381708835450237,-0.230758196601892,0.242641759576866,0.075133422529993,0.12794766192009,-0.474326350544809,0.332055484234468,0.352018638720977,0.060958713961979,0.118397844935878,0.216261752975387,0.372898265464521,0.203431013389932,0.39637255079176,0.277935478126343,0.0642922199780822,-0.220287143902377,-0.143544381433273,-0.020560104334888,-0.0904037240274366,0.24631901748331,-0.207311010709931,0.0385609496797762,-0.14763813035028,0.40124176680207,-0.0347630012604773,0.401963677642411,-0.217541006467807,1,0.170396115583713,0.667892088776657,0.0308651125040102,0.622426233610413,-0.0210113592257426,0.314483166711419
"H4K8acK12ac",-0.0320318751875546,-0.0659626691892488,0.131481519846158,-0.485458615585287,-0.522275284847405,0.648173566847126,0.3300336937744,-0.368268329067285,-0.176525195016162,0.0530201671293577,-0.148313497228616,-0.208885105326514,0.0623947178365578,0.110037711245362,-0.0224083817525412,0.0667209679801963,-0.173067713529374,-0.0998110010992937,0.03925228173348,0.625878020187841,0.115770508225521,-0.0639791893086208,-0.204955821770228,-0.243204879801358,0.112687241244467,0.0181446507860175,0.0839414611876369,0.40430054890148,0.462282512230236,-0.295978389671504,0.312262802528663,0.375873382495765,-0.12905131622329,-0.251334552733269,0.306993466325118,0.170396115583713,1,-0.240889678984089,-0.127598540351493,-0.0791136594188583,0.193429105658492,-0.375356799365492
"H4K8acK16ac",0.529856663799331,0.469591748057543,0.113419861413731,-0.304996958789298,0.0995767216072398,-0.0329269006064195,0.0518054059315641,0.0419033944947638,-0.100665936404473,0.316049970147326,0.167243854185051,0.188485526369119,-0.420033667717763,0.376801275220531,0.198142413185281,0.0622109746798297,0.172714501172209,0.183485774195488,0.24785624528566,0.090703116749017,0.0765794689167374,0.1146560045897,0.293256384230694,-0.0700515252810267,-0.106504821174788,-0.0893931751742988,-0.115342651503553,0.070689577220978,-0.249547824550357,0.308481366476169,-0.282232875822638,0.280614966158887,0.243766012579993,0.60148613951548,-0.068166652574348,0.667892088776657,-0.240889678984089,1,0.13996017535748,0.838956896967842,-0.0754673422839401,0.64389325704465
"H4K8ac",-0.0015656285751969,0.0500390612449092,0.0798349321407995,0.103814001113826,0.12574228725092,-0.150545384863166,-0.370513537462472,0.347393246249648,-0.00889616270356501,-0.0281277133775491,-0.162081999889089,0.161027275346497,-0.075328645442937,-0.142710693151303,-0.270578483569213,0.0520752680436199,0.0835266166583787,0.307693071819827,-0.219116872732595,-0.143750317341016,0.116514667871012,-0.191085463724465,0.0930985790424234,0.116078280110819,0.13710124108301,-0.010284687175686,0.0204345564195191,-0.358266178920643,-0.242202968118256,-0.0702307723630063,0.0672105125129697,-0.185425694627105,0.44647421720645,-0.241259937369906,0.299848515803755,0.0308651125040102,-0.127598540351493,0.13996017535748,1,0.220015521108474,0.364294651571053,0.0169732591095096
"H4K12acK16ac",0.533887293145629,0.341427329829938,-0.0414190265472938,-0.346206545740846,0.07085792515915,0.0239814508332237,-0.0578563391572007,0.00377187490957095,0.0246485718466855,0.349255322887894,0.0838868066656916,0.18497406304198,-0.511671944897086,0.43990951934618,0.353542381293807,-0.14560308937183,0.338994603945612,0.206371769880137,0.326330721820106,0.0779602204812825,0.0771851428889536,0.124519132895216,0.325041421350932,-0.0463370978095885,-0.248095326129404,-0.0731099812979074,-0.051560746779447,0.11040358402937,-0.111345463337,0.460527181268924,-0.353784516343907,0.296194467487056,0.18816663600738,0.518800569881593,0.134666012992748,0.622426233610413,-0.0791136594188583,0.838956896967842,0.220015521108474,1,-0.0258565210194116,0.629530036922388
"H4K12ac",0.21641809239183,-0.294344972366459,0.273839259253297,-0.380351141053685,0.301410336384291,-0.128743739378535,0.150838310811478,-0.141664732634556,0.10046073847816,0.368992629683311,0.00310585161777642,-0.0997536076646581,0.0543650307569994,-0.25529243316299,-0.0309143718403465,-0.371416090729323,-0.16780388905306,-0.189517512699045,-0.553255784716354,-0.0357206987001251,0.210528974142991,-0.438869476549116,-0.0640453369964118,-0.289124773051183,-0.00414103649897103,-0.220897716483786,0.59302373259271,-0.124349060845426,-0.0199048566799168,-0.0866373225910095,0.0827523380012829,-0.207320803620128,0.570480042931184,-0.421410900863147,0.484138352967776,-0.0210113592257426,0.193429105658492,-0.0754673422839401,0.364294651571053,-0.0258565210194116,1,-0.451697526299927
"H4K16ac",0.29311401963343,0.477163272813199,-0.050001087859703,0.0129573850959187,-0.0241131404785252,-0.0896075361001905,-0.278277895923943,0.0583728220462282,-0.166395008213352,-0.132868084282678,0.229988564457071,0.0559521319823325,-0.190322961204073,0.238095388230834,0.144009046743153,0.327473672907658,0.24970280697635,0.218127723725362,0.210306295171262,0.135237576622488,-0.282225995476938,0.225658861452054,0.322653129031958,0.372792439085774,-0.0138666495205726,0.0409132842389702,-0.43232720836683,0.0224082182570843,-0.291429528017462,0.306579992680471,-0.339916134653383,0.147745648333949,-0.147125698685882,0.617551400906908,-0.124384604955593,0.314483166711419,-0.375356799365492,0.64389325704465,0.0169732591095096,0.629530036922388,-0.451697526299927,1
