"","1_D3_Slot1-1_1_1321","1_D4_Slot1-1_1_1300","1_E3_Slot1-1_1_1322","1_E4_Slot1-1_1_1301","1_F3_Slot1-1_1_1323","1_F4_Slot1-1_1_1302","1_G3_Slot1-1_1_1325","1_G4_Slot1-1_1_1305","1_H2_Slot1-1_1_1341","1_H3_Slot1-1_1_1326","1_H4_Slot1-1_1_1306","1_I2_Slot1-1_1_1342","1_I3_Slot1-1_1_1327","1_I4_Slot1-1_1_1307","auto_2_E2_1cell_Slot1-1_1_3420","auto_2_E3_1cell_Slot1-1_1_3418","auto_2_F2_1cell_Slot1-1_1_3421","auto_2_F3_1cell_Slot1-1_1_3419","auto_4_D3_1cell_Slot1-1_1_3495","auto_4_D4_1cell_Slot1-1_1_3492","auto_4_E4_1cell_Slot1-1_1_3493","auto_4_F4_1cell_Slot1-1_1_3494"
"1_D3_Slot1-1_1_1321",1,0.979143687742384,0.972212814509814,0.959857413141118,0.960817814872499,0.964276166561725,0.979309373005027,0.956127462286912,0.960980903279698,0.936254240706245,0.981414896007441,0.980906811579829,0.949790526561256,0.992152244084931,0.978023272610181,0.92146886361742,0.968806925757098,0.959936986058581,0.971536182604568,0.982465962574721,0.932118695936101,0.983938013313106
"1_D4_Slot1-1_1_1300",0.979143687742384,1,0.981091298669143,0.977263308957125,0.975527743667785,0.981664585208002,0.973297310960544,0.98346473047459,0.980296742915255,0.967025714108422,0.986599519045799,0.99476222781915,0.968043175593191,0.970847443759005,0.991510402188278,0.938520446326838,0.985806979123893,0.98260661774902,0.96607925201621,0.984026126927879,0.958014946606465,0.979632204260562
"1_E3_Slot1-1_1_1322",0.972212814509814,0.981091298669143,1,0.986229201347049,0.978399767811968,0.984640132220992,0.979340313484474,0.98647432661635,0.987425871222437,0.986389935226612,0.981913751458139,0.982418607595638,0.984668509992987,0.972182259071723,0.983567442720914,0.953418047519151,0.979826979761229,0.984846980555135,0.968101663609119,0.982974632041526,0.971005145495162,0.977462950009362
"1_E4_Slot1-1_1_1301",0.959857413141118,0.977263308957125,0.986229201347049,1,0.987726748539888,0.976594289399252,0.953689901117606,0.993156277550467,0.980054112598951,0.987272663863628,0.981683827791072,0.975936363345937,0.990975498318887,0.96128629955586,0.977175457706775,0.95796518214629,0.972417716471968,0.98498748643561,0.970340902250128,0.969861270271979,0.970755701837215,0.962069794380698
"1_F3_Slot1-1_1_1323",0.960817814872499,0.975527743667785,0.978399767811968,0.987726748539888,1,0.957414721296212,0.937384797848703,0.989292681052545,0.959228968538463,0.9778275944973,0.968860578298063,0.972004523502558,0.984132996060052,0.960055600405818,0.969617924368899,0.928715183933584,0.97829807053112,0.987838607128233,0.953859238290543,0.958069214791109,0.961019739135431,0.948462664121305
"1_F4_Slot1-1_1_1302",0.964276166561725,0.981664585208002,0.984640132220992,0.976594289399252,0.957414721296212,1,0.975673015435514,0.983375838610147,0.987483501651462,0.971772584785986,0.987475542987191,0.980120824888172,0.965814551697549,0.961801730009426,0.980919032671105,0.940197844281041,0.981476892810952,0.977434597542507,0.967192931880434,0.990811581672384,0.955350856716416,0.983576198329868
"1_G3_Slot1-1_1_1325",0.979309373005027,0.973297310960544,0.979340313484474,0.953689901117606,0.937384797848703,0.975673015435514,1,0.953059021538528,0.982242524040938,0.948800594303147,0.977371671521634,0.97748899151805,0.953252709148102,0.977184320685008,0.980024156054124,0.950488866704018,0.959730578096462,0.949196097913972,0.965104017648917,0.981843730981069,0.949525245204204,0.982413200442759
"1_G4_Slot1-1_1_1305",0.956127462286912,0.98346473047459,0.98647432661635,0.993156277550467,0.989292681052545,0.983375838610147,0.953059021538528,1,0.979324123196919,0.989365835509364,0.981310622039684,0.977676465597336,0.985241684120352,0.957713663164985,0.97885215802746,0.943757245923323,0.984593141635886,0.991679074261447,0.963357739561899,0.974200346578054,0.969963810321058,0.961982934414107
"1_H2_Slot1-1_1_1341",0.960980903279698,0.980296742915255,0.987425871222437,0.980054112598951,0.959228968538463,0.987483501651462,0.982242524040938,0.979324123196919,1,0.982977890209128,0.985638645852157,0.984058128281839,0.981159751291662,0.962139860472158,0.987633118868901,0.970438534694168,0.971093566920419,0.970494731822994,0.965290143298138,0.983097009353582,0.972375285277573,0.978605803321431
"1_H3_Slot1-1_1_1326",0.936254240706245,0.967025714108422,0.986389935226612,0.987272663863628,0.9778275944973,0.971772584785986,0.948800594303147,0.989365835509364,0.982977890209128,1,0.96709351934245,0.968919373646967,0.992086203087553,0.938194660130813,0.969295848470308,0.954301105365896,0.968358290623391,0.983246650993902,0.951689732227929,0.96223900847119,0.973724874103821,0.94874434904386
"1_H4_Slot1-1_1_1306",0.981414896007441,0.986599519045799,0.981913751458139,0.981683827791072,0.968860578298063,0.987475542987191,0.977371671521634,0.981310622039684,0.985638645852157,0.96709351934245,1,0.98651476041042,0.970339468260417,0.982540024878926,0.988916044238076,0.951674241851794,0.979634255579139,0.975010093707668,0.970815674505209,0.990987578105908,0.962480788151592,0.989710972324724
"1_I2_Slot1-1_1_1342",0.980906811579829,0.99476222781915,0.982418607595638,0.975936363345937,0.972004523502558,0.980120824888172,0.97748899151805,0.977676465597336,0.984058128281839,0.968919373646967,0.98651476041042,1,0.972173307696181,0.969554738808866,0.98976653139851,0.937222917756755,0.984522325187186,0.983067030395356,0.9691430296358,0.98742309136029,0.95259216121785,0.982742938933109
"1_I3_Slot1-1_1_1327",0.949790526561256,0.968043175593191,0.984668509992987,0.990975498318887,0.984132996060052,0.965814551697549,0.953252709148102,0.985241684120352,0.981159751291662,0.992086203087553,0.970339468260417,0.972173307696181,1,0.952557635395054,0.972513255044732,0.962979081193976,0.967430318388909,0.978266056273779,0.958986120140044,0.960082276160827,0.977278268809091,0.951651688146848
"1_I4_Slot1-1_1_1307",0.992152244084931,0.970847443759005,0.972182259071723,0.96128629955586,0.960055600405818,0.961801730009426,0.977184320685008,0.957713663164985,0.962139860472158,0.938194660130813,0.982540024878926,0.969554738808866,0.952557635395054,1,0.976844590174661,0.937970520311516,0.965496268652927,0.953140163620076,0.963635896153771,0.977301222051889,0.947529875403527,0.982450735384794
"auto_2_E2_1cell_Slot1-1_1_3420",0.978023272610181,0.991510402188278,0.983567442720914,0.977175457706775,0.969617924368899,0.980919032671105,0.980024156054124,0.97885215802746,0.987633118868901,0.969295848470308,0.988916044238076,0.98976653139851,0.972513255044732,0.976844590174661,1,0.956174463929038,0.983583836613396,0.97425182085617,0.962623991188736,0.982042478499345,0.971744244323372,0.984029551887041
"auto_2_E3_1cell_Slot1-1_1_3418",0.92146886361742,0.938520446326838,0.953418047519151,0.95796518214629,0.928715183933584,0.940197844281041,0.950488866704018,0.943757245923323,0.970438534694168,0.954301105365896,0.951674241851794,0.937222917756755,0.962979081193976,0.937970520311516,0.956174463929038,1,0.920976769191026,0.919891129383159,0.919582054182429,0.926664761600282,0.98054185331771,0.934325443678277
"auto_2_F2_1cell_Slot1-1_1_3421",0.968806925757098,0.985806979123893,0.979826979761229,0.972417716471968,0.97829807053112,0.981476892810952,0.959730578096462,0.984593141635886,0.971093566920419,0.968358290623391,0.979634255579139,0.984522325187186,0.967430318388909,0.965496268652927,0.983583836613396,0.920976769191026,1,0.988053667995764,0.95288896119512,0.980940440742843,0.959498750254217,0.977243516585042
"auto_2_F3_1cell_Slot1-1_1_3419",0.959936986058581,0.98260661774902,0.984846980555135,0.98498748643561,0.987838607128233,0.977434597542507,0.949196097913972,0.991679074261447,0.970494731822994,0.983246650993902,0.975010093707668,0.983067030395356,0.978266056273779,0.953140163620076,0.97425182085617,0.919891129383159,0.988053667995764,1,0.960446207590806,0.975921436289628,0.952733975145923,0.962817149860483
"auto_4_D3_1cell_Slot1-1_1_3495",0.971536182604568,0.96607925201621,0.968101663609119,0.970340902250128,0.953859238290543,0.967192931880434,0.965104017648917,0.963357739561899,0.965290143298138,0.951689732227929,0.970815674505209,0.9691430296358,0.958986120140044,0.963635896153771,0.962623991188736,0.919582054182429,0.95288896119512,0.960446207590806,1,0.976968514860206,0.918208072051566,0.962779257675597
"auto_4_D4_1cell_Slot1-1_1_3492",0.982465962574721,0.984026126927879,0.982974632041526,0.969861270271979,0.958069214791109,0.990811581672384,0.981843730981069,0.974200346578054,0.983097009353582,0.96223900847119,0.990987578105908,0.98742309136029,0.960082276160827,0.977301222051889,0.982042478499345,0.926664761600282,0.980940440742843,0.975921436289628,0.976968514860206,1,0.940065618817391,0.993268769761797
"auto_4_E4_1cell_Slot1-1_1_3493",0.932118695936101,0.958014946606465,0.971005145495162,0.970755701837215,0.961019739135431,0.955350856716416,0.949525245204204,0.969963810321058,0.972375285277573,0.973724874103821,0.962480788151592,0.95259216121785,0.977278268809091,0.947529875403527,0.971744244323372,0.98054185331771,0.959498750254217,0.952733975145923,0.918208072051566,0.940065618817391,1,0.947174420592982
"auto_4_F4_1cell_Slot1-1_1_3494",0.983938013313106,0.979632204260562,0.977462950009362,0.962069794380698,0.948462664121305,0.983576198329868,0.982413200442759,0.961982934414107,0.978605803321431,0.94874434904386,0.989710972324724,0.982742938933109,0.951651688146848,0.982450735384794,0.984029551887041,0.934325443678277,0.977243516585042,0.962817149860483,0.962779257675597,0.993268769761797,0.947174420592982,1
