"","1_D3_Slot1-1_1_1321","1_D4_Slot1-1_1_1300","1_E3_Slot1-1_1_1322","1_E4_Slot1-1_1_1301","1_F3_Slot1-1_1_1323","1_F4_Slot1-1_1_1302","1_G3_Slot1-1_1_1325","1_G4_Slot1-1_1_1305","1_H2_Slot1-1_1_1341","1_H3_Slot1-1_1_1326","1_H4_Slot1-1_1_1306","1_I2_Slot1-1_1_1342","1_I3_Slot1-1_1_1327","1_I4_Slot1-1_1_1307","auto_2_E2_1cell_Slot1-1_1_3420","auto_2_E3_1cell_Slot1-1_1_3418","auto_2_F2_1cell_Slot1-1_1_3421","auto_2_F3_1cell_Slot1-1_1_3419","auto_4_D3_1cell_Slot1-1_1_3495","auto_4_D4_1cell_Slot1-1_1_3492","auto_4_E4_1cell_Slot1-1_1_3493","auto_4_F4_1cell_Slot1-1_1_3494"
"1_D3_Slot1-1_1_1321",0,2.63756013617063e-29,7.68783070217896e-27,1.0757395682281e-23,6.68676908496715e-24,1.08750075488562e-24,2.25207191328522e-29,6.1448699908036e-23,6.16084059697042e-24,8.9873403413219e-20,2.68384390551991e-30,4.58155351964199e-30,8.60845572656037e-22,9.61200185017529e-38,7.43475133725925e-29,5.07458413236827e-18,7.52507459787981e-26,1.03464385975975e-23,1.23618146821863e-26,8.45785509263174e-31,3.03988065130568e-19,1.48400633278961e-31
"1_D4_Slot1-1_1_1300",2.63756013617063e-29,0,3.7792784414632e-30,1.45725081718206e-28,6.24561906957099e-28,2.05239796374169e-30,3.50209205672493e-27,2.64120715463556e-31,8.54644499988886e-30,2.24777213963868e-25,4.0587002282503e-33,3.02776679155979e-41,1.21220109732667e-25,1.98157195815344e-26,4.60378447010409e-37,4.45026131721918e-20,1.27157564641475e-32,7.20874406965704e-31,3.92442583740735e-25,1.33046631719262e-31,2.59487478489039e-23,1.64918870900182e-29
"1_E3_Slot1-1_1_1322",7.68783070217896e-27,3.7792784414632e-30,0,6.97746466509403e-33,5.2804222240523e-29,6.10912275157062e-32,2.18628364716762e-29,4.88272441934894e-33,1.1449953236493e-33,5.52528225976536e-33,1.56460223397702e-30,8.92276435086767e-31,5.88882820735384e-32,7.8564828267732e-27,2.33392364681606e-31,1.98673978601206e-22,1.36326630858023e-29,4.66693114454334e-32,1.16921999827394e-25,4.71591981885945e-31,1.78042498018236e-26,1.22383565987551e-28
"1_E4_Slot1-1_1_1301",1.0757395682281e-23,1.45725081718206e-28,6.97746466509403e-33,0,7.07338460119196e-34,2.58683630362821e-28,1.77171028933129e-22,6.27639586651016e-39,1.08925660882674e-29,1.45676809504478e-33,2.01009878670862e-30,4.47655620502449e-28,1.55498788011918e-36,5.27972263013797e-24,1.57283013514307e-28,2.65586653368887e-23,6.64251285567085e-27,3.87857291601721e-32,2.78367342432205e-26,3.81986275763017e-26,2.10831608484594e-26,3.5330901278227e-24
"1_F3_Slot1-1_1_1323",6.68676908496715e-24,6.24561906957099e-28,5.2804222240523e-29,7.07338460119196e-34,0,3.42773494641885e-23,6.35001812724947e-20,4.67988230171322e-35,1.45921142414344e-23,8.86105785043467e-29,7.27397743096471e-26,8.90924475958543e-27,1.16445011853943e-31,9.76137978281372e-24,4.47639208660677e-26,7.83397831985949e-19,5.79513587574937e-29,5.89580336574188e-34,1.64912449782461e-22,2.52987760611752e-23,6.04151600349383e-24,1.43320965512581e-21
"1_F4_Slot1-1_1_1302",1.08750075488562e-24,2.05239796374169e-30,6.10912275157062e-32,2.58683630362821e-28,3.42773494641885e-23,0,5.55185445369539e-28,2.93778411516988e-31,1.04503375187305e-33,1.04853429869889e-26,1.05832746525961e-33,1.01928273681484e-29,4.57337491646875e-25,4.05744586893468e-24,4.52376251407276e-30,2.59948036416446e-20,2.51176975863724e-30,1.25467386298034e-28,2.03357303047316e-25,2.2255165135529e-36,8.66574268618366e-23,2.30936219195206e-31
"1_G3_Slot1-1_1_1325",2.25207191328522e-29,3.50209205672493e-27,2.18628364716762e-29,1.77171028933129e-22,6.35001812724947e-20,5.55185445369539e-28,0,2.30881175716791e-22,1.08732975164594e-30,1.26045836453557e-21,1.32577197278082e-28,1.19614592082023e-28,2.12937613196063e-22,1.56078667376904e-28,1.12213958646844e-29,6.54752388415815e-22,1.14445901257285e-23,1.08333448788786e-21,6.85619516174908e-25,1.68923007544693e-30,9.54178021239335e-22,8.97736612823918e-31
"1_G4_Slot1-1_1_1305",6.1448699908036e-23,2.64120715463556e-31,4.88272441934894e-33,6.27639586651016e-39,4.67988230171322e-35,2.93778411516988e-31,2.30881175716791e-22,0,2.22047788220922e-29,4.08297264460965e-35,2.99875538059738e-30,1.01365113670453e-28,2.76277421977666e-32,2.98549585440981e-23,3.47229399649239e-29,7.87494028108005e-21,6.49120256584355e-32,3.0865328248919e-37,1.79161311914976e-24,1.77458322882324e-27,3.57152888498658e-26,3.69551781340576e-24
"1_H2_Slot1-1_1_1341",6.16084059697042e-24,8.54644499988886e-30,1.1449953236493e-33,1.08925660882674e-29,1.45921142414344e-23,1.04503375187305e-33,1.08732975164594e-30,2.22047788220922e-29,0,4.69804233219102e-31,1.60726479827274e-32,1.2785336666184e-31,3.51705200645305e-30,3.40702353768272e-24,8.22750910403144e-34,2.60836045846892e-26,1.67628242251246e-26,2.51225442371808e-26,6.17126449440382e-25,4.08688024748502e-31,6.84723476525573e-27,4.36754654283959e-29
"1_H3_Slot1-1_1_1326",8.9873403413219e-20,2.24777213963868e-25,5.52528225976536e-33,1.45676809504478e-33,8.86105785043467e-29,1.04853429869889e-26,1.26045836453557e-21,4.08297264460965e-35,4.69804233219102e-31,0,2.15845768282768e-25,7.00794508891848e-26,1.13590416809244e-37,4.93144570767044e-20,5.51109499958816e-26,1.36598373512399e-22,9.97143147393967e-26,3.42567492461107e-31,4.05167732040897e-22,3.2359003724125e-24,2.54580007393415e-27,1.28777172910308e-21
"1_H4_Slot1-1_1_1306",2.68384390551991e-30,4.0587002282503e-33,1.56460223397702e-30,2.01009878670862e-30,7.27397743096471e-26,1.05832746525961e-33,1.32577197278082e-28,2.99875538059738e-30,1.60726479827274e-32,2.15845768282768e-25,0,4.6006320002979e-33,2.78632977482691e-26,7.77655817371412e-31,9.31168950585902e-35,4.07715517426093e-22,1.64590079692125e-29,9.44779695838526e-28,2.02462083996555e-26,1.51405044587736e-36,2.85212209870679e-24,2.11718285239662e-35
"1_I2_Slot1-1_1_1342",4.58155351964199e-30,3.02776679155979e-41,8.92276435086767e-31,4.47655620502449e-28,8.90924475958543e-27,1.01928273681484e-29,1.19614592082023e-28,1.01365113670453e-28,1.2785336666184e-31,7.00794508891848e-26,4.6006320002979e-33,0,7.90655130638357e-27,4.66360354408234e-26,1.90085165634314e-35,6.67647108037943e-20,7.11012900592257e-32,4.23316066110727e-31,6.07788562984619e-26,1.1500395419299e-33,2.80203876655462e-22,6.1667368569253e-31
"1_I3_Slot1-1_1_1327",8.60845572656037e-22,1.21220109732667e-25,5.88882820735384e-32,1.55498788011918e-36,1.16445011853943e-31,4.57337491646875e-25,2.12937613196063e-22,2.76277421977666e-32,3.51705200645305e-30,1.13590416809244e-37,2.78632977482691e-26,7.90655130638357e-27,0,2.84222771388964e-22,6.20260990402758e-27,2.19295468293624e-24,1.76249753130092e-25,5.96678487673571e-29,1.63956628829838e-23,9.63419438859194e-24,1.43839064484442e-28,4.11452206025763e-22
"1_I4_Slot1-1_1_1307",9.61200185017529e-38,1.98157195815344e-26,7.8564828267732e-27,5.27972263013797e-24,9.76137978281372e-24,4.05744586893468e-24,1.56078667376904e-28,2.98549585440981e-23,3.40702353768272e-24,4.93144570767044e-20,7.77655817371412e-31,4.66360354408234e-26,2.84222771388964e-22,0,2.09110501192452e-28,5.29067096979563e-20,5.48860458324365e-25,2.23196264910923e-22,1.54229819859729e-24,1.40990275820776e-28,2.03403353697774e-21,8.60478038720107e-31
"auto_2_E2_1cell_Slot1-1_1_3420",7.43475133725925e-29,4.60378447010409e-37,2.33392364681606e-31,1.57283013514307e-28,4.47639208660677e-26,4.52376251407276e-30,1.12213958646844e-29,3.47229399649239e-29,8.22750910403144e-34,5.51109499958816e-26,9.31168950585902e-35,1.90085165634314e-35,6.20260990402758e-27,2.09110501192452e-28,0,6.0171491070091e-23,2.28813566313028e-31,1.7059018580352e-27,2.64560448300091e-24,1.35791304749229e-30,1.06951315149605e-26,1.32481396980299e-31
"auto_2_E3_1cell_Slot1-1_1_3418",5.07458413236827e-18,4.45026131721918e-20,1.98673978601206e-22,2.65586653368887e-23,7.83397831985949e-19,2.59948036416446e-20,6.54752388415815e-22,7.87494028108005e-21,2.60836045846892e-26,1.36598373512399e-22,4.07715517426093e-22,6.67647108037943e-20,2.19295468293624e-24,5.29067096979563e-20,6.0171491070091e-23,0,5.72338427098347e-18,7.44291843570761e-18,8.01548969824279e-18,1.35507921933237e-18,6.66847128646839e-30,1.60228237204382e-19
"auto_2_F2_1cell_Slot1-1_1_3421",7.52507459787981e-26,1.27157564641475e-32,1.36326630858023e-29,6.64251285567085e-27,5.79513587574937e-29,2.51176975863724e-30,1.14445901257285e-23,6.49120256584355e-32,1.67628242251246e-26,9.97143147393967e-26,1.64590079692125e-29,7.11012900592257e-32,1.76249753130092e-25,5.48860458324365e-25,2.28813566313028e-31,5.72338427098347e-18,0,4.13445191610376e-34,2.47808679222675e-22,4.42419202429663e-30,1.28095186854624e-23,1.48256427356465e-28
"auto_2_F3_1cell_Slot1-1_1_3419",1.03464385975975e-23,7.20874406965704e-31,4.66693114454334e-32,3.87857291601721e-32,5.89580336574188e-34,1.25467386298034e-28,1.08333448788786e-21,3.0865328248919e-37,2.51225442371808e-26,3.42567492461107e-31,9.44779695838526e-28,4.23316066110727e-31,5.96678487673571e-29,2.23196264910923e-22,1.7059018580352e-27,7.44291843570761e-18,4.13445191610376e-34,0,8.04857538257881e-24,4.53180340959125e-28,2.64254322294541e-22,2.38941775009529e-24
"auto_4_D3_1cell_Slot1-1_1_3495",1.23618146821863e-26,3.92442583740735e-25,1.16921999827394e-25,2.78367342432205e-26,1.64912449782461e-22,2.03357303047316e-25,6.85619516174908e-25,1.79161311914976e-24,6.17126449440382e-25,4.05167732040897e-22,2.02462083996555e-26,6.07788562984619e-26,1.63956628829838e-23,1.54229819859729e-24,2.64560448300091e-24,8.01548969824279e-18,2.47808679222675e-22,8.04857538257881e-24,0,1.88043099617303e-28,1.11038507560302e-17,2.43774181748725e-24
"auto_4_D4_1cell_Slot1-1_1_3492",8.45785509263174e-31,1.33046631719262e-31,4.71591981885945e-31,3.81986275763017e-26,2.52987760611752e-23,2.2255165135529e-36,1.68923007544693e-30,1.77458322882324e-27,4.08688024748502e-31,3.2359003724125e-24,1.51405044587736e-36,1.1500395419299e-33,9.63419438859194e-24,1.40990275820776e-28,1.35791304749229e-30,1.35507921933237e-18,4.42419202429663e-30,4.53180340959125e-28,1.88043099617303e-28,0,2.7135394152782e-20,4.51019032948833e-39
"auto_4_E4_1cell_Slot1-1_1_3493",3.03988065130568e-19,2.59487478489039e-23,1.78042498018236e-26,2.10831608484594e-26,6.04151600349383e-24,8.66574268618366e-23,9.54178021239335e-22,3.57152888498658e-26,6.84723476525573e-27,2.54580007393415e-27,2.85212209870679e-24,2.80203876655462e-22,1.43839064484442e-28,2.03403353697774e-21,1.06951315149605e-26,6.66847128646839e-30,1.28095186854624e-23,2.64254322294541e-22,1.11038507560302e-17,2.7135394152782e-20,0,2.32044106344204e-21
"auto_4_F4_1cell_Slot1-1_1_3494",1.48400633278961e-31,1.64918870900182e-29,1.22383565987551e-28,3.5330901278227e-24,1.43320965512581e-21,2.30936219195206e-31,8.97736612823918e-31,3.69551781340576e-24,4.36754654283959e-29,1.28777172910308e-21,2.11718285239662e-35,6.1667368569253e-31,4.11452206025763e-22,8.60478038720107e-31,1.32481396980299e-31,1.60228237204382e-19,1.48256427356465e-28,2.38941775009529e-24,2.43774181748725e-24,4.51019032948833e-39,2.32044106344204e-21,0
