"","H1-K25[me];K31[un]","H1-K25[un];K31[un]","H1.5-K33[ac];K45[un];K51[un]","H1.5-K33[un];K45[un];K51[un]","H2A1A-K5[ac];K9[un]","H2A1A-K5[un];K9[un]","H2A1B-K13[un];K15[ac]","H2A1B-K13[un];K15[un]","H2AJ-K5[ac];K9[ac]","H2AJ-K5[ac];K9[hib]","H2AJ-K5[ac];T6[ac];K9[un]","H2AJ-K5[un];K9[un]","H2AX-K5[un];K9[un]","H31-K18[ac];K23[ac]","H31-K18[ac];K23[un]","H31-K18[un];K23[ac]","H31-K18[un];K23[su]","H31-K18[un];K23[un]","H31-K27[hib];K36[un];K37[un]","H31-K27[me];K36[me2];K37[un]","H31-K27[me2];K36[me];K37[un]","H31-K27[me2];K36[un];K37[un]","H31-K27[me3];K36[un];K37[un]","H31-K27[un];K36[me2];K37[un]","H31-K27[un];K36[un];K37[un]","H31-K4[me]","H31-K4[un]","H31-K79[me]","H31-K79[un]","H31-K9[ac];K14[ac]","H31-K9[me];K14[ac]","H31-K9[me];K14[un]","H31-K9[me2];K14[ac]","H31-K9[me2];K14[un]","H31-K9[me3];K14[ac]","H31-K9[me3];K14[un]","H31-K9[un];K14[ac]","H31-K9[un];K14[ub]","H31-K9[un];K14[un]","H4-K5[ac];K8[ac];K12[ac];K16[ac]","H4-K5[ac];K8[ac];K12[ac];K16[un]","H4-K5[ac];K8[ac];K12[un];K16[ac]","H4-K5[ac];K8[ac];K12[un];K16[un]","H4-K5[ac];K8[un];K12[ac];K16[ac]","H4-K5[ac];K8[un];K12[ac];K16[un]","H4-K5[ac];K8[un];K12[un];K16[ac]","H4-K5[ac];K8[un];K12[un];K16[un]","H4-K5[un];K8[ac];K12[ac];K16[ac]","H4-K5[un];K8[ac];K12[ac];K16[un]","H4-K5[un];K8[ac];K12[un];K16[ac]","H4-K5[un];K8[ac];K12[un];K16[un]","H4-K5[un];K8[un];K12[ac];K16[ac]","H4-K5[un];K8[un];K12[ac];K16[un]","H4-K5[un];K8[un];K12[un];K16[ac]","H4-K5[un];K8[un];K12[un];K16[un]"
"H1-K25[me];K31[un]",1,-0.991685859234943,0.136309417273197,-0.0690530894246598,-0.0877015227950034,0.0896298511249412,-0.463367624829381,0.505044224381405,-0.143856914363397,0.0874560464514247,0.144934441676621,0.146583443887431,-0.141325902900021,-0.13970005506142,-0.168858896568007,0.23225933758324,0.0441947111502641,0.0513037009667472,-0.0142387456468385,-0.284527292883582,0.28214449617077,0.469887003585657,-0.142734029275518,0.104208970797771,-0.0526060148132857,0.251518990347822,-0.249337034916991,0.148766807451879,-0.100768840845618,0.190211316365249,0.0631036978004565,0.0263635578677912,0.192993384606388,-0.0373691666043225,-0.346592768750134,-0.065534427551912,0.0394177789921632,0.00919989290919042,0.0227406434206248,0.23098410526764,-0.0810754564487118,-0.0416842860389974,-0.0702283204462101,0.185091922884479,0.244154964568095,0.132027567807577,0.128049384848809,0.407149675829048,-0.0320318751875546,0.529856663799331,-0.0015656285751969,0.533887293145629,0.21641809239183,0.29311401963343,-0.501026867464545
"H1-K25[un];K31[un]",-0.991685859234943,1,-0.107125009894036,0.0469872668391831,0.0670377102951651,-0.0693523881611264,0.473536862524815,-0.523138480413356,0.128422390632172,-0.080299595447593,-0.146528905984167,-0.129274522055407,0.14305972340626,0.144830968152431,0.129462720860853,-0.232159883148213,-0.0887640087139976,-0.0209221605500844,0.0492179777718931,0.252272244784844,-0.260460869708024,-0.500913262553499,0.119027620896662,-0.0940879555476203,0.096874187929424,-0.235987155091278,0.23390550321419,-0.150494980519428,0.106782983935986,-0.174963993233621,-0.0839867989653407,-0.0228807050850237,-0.21462775196054,0.0470378240891627,0.355475069756431,0.0692334859549737,-0.0448563908349804,-0.00706459035220398,-0.0157995194461271,-0.247141629332347,0.0513698265330714,0.0629282862844508,0.115567243205054,-0.178604458395577,-0.201589924179488,-0.17170146855913,-0.136457310314598,-0.407866684475016,0.0467544010448429,-0.520023310797401,0.061098321043645,-0.527713123937026,-0.178167156109093,-0.336578691103945,0.511422279435593
"H1.5-K33[ac];K45[un];K51[un]",0.136309417273197,-0.107125009894036,1,-0.968112457065444,0.0985370041278434,-0.0985006560486912,0.0028508057758078,0.00608414502604422,-0.190954770731866,0.162556133841757,-0.210810223088024,0.155721197548239,0.200668284695614,-0.022833245814832,-0.322653466314952,-0.279275588541743,0.0730807824984554,0.353643625370065,-0.0117474801924151,-0.129952621307879,0.323399505381146,-0.059259263420332,0.376157919592312,0.048101268821626,-0.265005270145317,0.0729754103247436,-0.0663258502892596,0.231714891734994,-0.22649819340449,0.0755999008255117,-0.330988752559261,0.126613428188783,0.187454068241097,0.489646434285364,0.0880186580108704,0.0523371894083854,-0.506210177491297,0.0217271120283785,-0.42174630756415,-0.180465141984238,-0.114709437432878,0.143043260747329,-0.0687716254067314,-0.00832949200528236,0.0872911326737939,0.463601966686488,-0.264740552688884,0.24369082265759,-0.0659626691892488,0.469591748057543,0.0500390612449092,0.341427329829938,-0.294344972366459,0.477163272813199,-0.453840019752306
"H1.5-K33[un];K45[un];K51[un]",-0.0690530894246598,0.0469872668391831,-0.968112457065444,1,-0.12585240298005,0.12656970083436,-0.0028578391066892,-0.00814237127627154,0.135858091253527,-0.143417583734715,0.159471701110004,-0.0861187681995546,-0.150467281624329,0.0535287683416713,0.293514695254505,0.228301845042303,-0.133592896677131,-0.311115108429822,-0.0400680051181118,0.200630732229131,-0.330826342748154,0.0228375685823915,-0.345203646393463,-0.0738881681488455,0.213276699785156,-0.0527625693366367,0.0470457574997469,-0.228508427192204,0.221289226267878,-0.0807169734674471,0.345525770631758,-0.218456683016881,-0.149161374649676,-0.424811503397922,-0.0282668633840609,-0.11263712915227,0.468793182984596,-0.00587109030961601,0.380068051605068,0.124093162020698,0.163863678355694,-0.264386672559274,0.0707478772283327,-0.0714449262868658,-0.0127609480199676,-0.548014455217928,0.272525277395232,-0.298909591498637,0.0938330300110437,-0.533209298490932,0.0242418176030229,-0.395578734007765,0.367135089179976,-0.552544607045994,0.514549118221412
"H2A1A-K5[ac];K9[un]",-0.0877015227950034,0.0670377102951651,0.0985370041278434,-0.12585240298005,1,-0.999898901864624,-0.272300501556146,0.251695116368751,-0.0211944604680919,0.182726310752984,-0.0726260256829611,-0.110688385946034,0.0700855481098028,0.130557411003392,0.102785211663147,0.205528255697275,0.705456957361231,-0.206397133520474,-0.0922515230065203,0.250328532987856,-0.0701350317759362,-0.186923757747861,-0.0680472565482124,0.0153508165735448,-0.0998041484122923,-0.271683078849736,0.27204551835579,-0.155900619434221,0.110785496395548,0.171936638120876,0.00372221811319813,-0.423544012151468,0.308077613210403,-0.28040455275202,0.064820125803415,-0.0726340795140071,0.213483736876739,0.230126024885654,-0.0229779848782117,0.105802456523024,0.419243819791551,-0.201715311848417,0.0149358772014516,0.0752118586583367,0.421484561496923,0.151049456921969,0.141252026083007,0.0112252197224984,0.131481519846158,0.113419861413731,0.0798349321407995,-0.0414190265472938,0.273839259253297,-0.050001087859703,-0.138176578249053
"H2A1A-K5[un];K9[un]",0.0896298511249412,-0.0693523881611264,-0.0985006560486912,0.12656970083436,-0.999898901864624,1,0.272381431616475,-0.251482288047226,0.0141406296861226,-0.17713304506064,0.0765886772348736,0.116944424020191,-0.0740928180597121,-0.131890196746818,-0.109144726213656,-0.209968877182796,-0.703792045324727,0.21294735397687,0.0882540772326376,-0.247813833103676,0.0711811401514867,0.192463056807634,0.068697535229584,-0.0184243573457678,0.095605911967301,0.273103304358704,-0.273422930613547,0.159061606713592,-0.114308696496356,-0.169808332810108,-0.00451135818780851,0.425276125072364,-0.308571574401966,0.281210611922044,-0.0675563220452036,0.0766419712855602,-0.215151843958875,-0.226629170911843,0.0194441736843871,-0.102654788801291,-0.417815425809734,0.196685980616569,-0.0120913155351873,-0.074026306846264,-0.423903274052497,-0.152008454615517,-0.143169017180827,-0.0115739214194579,-0.126949511827858,-0.118472527228341,-0.0842293169094871,0.0369729438816826,-0.277613480717139,0.0481395682413899,0.141753411476781
"H2A1B-K13[un];K15[ac]",-0.463367624829381,0.473536862524815,0.0028508057758078,-0.0028578391066892,-0.272300501556146,0.272381431616475,1,-0.994440353602147,0.235023552789092,-0.427476745749293,-0.331456081095627,-0.0231689922964325,0.335047768677412,0.320905879020948,-0.0924609593860068,-0.685306887056309,-0.324976752291775,0.331200660046201,0.447348341066886,-0.106076194521403,0.0211164760146043,-0.014299201290411,-0.0424462637555258,0.0818703764427646,-0.186089146203252,0.154437512991257,-0.138531916946849,0.013705685338969,0.0309142328730537,-0.327763810260226,-0.250277692816332,0.268793062950082,0.0656988472332445,0.375068654082351,0.162698127296259,-0.192549967757281,-0.224486388874749,-0.309428127348644,-0.134543524961,-0.364394335423331,-0.347275909765114,0.272735534771773,0.122449683738917,-0.365946244406988,-0.139445435068345,-0.125261342849605,-0.323410345435814,-0.464785999085905,-0.485458615585287,-0.304996958789298,0.103814001113826,-0.346206545740846,-0.380351141053685,0.0129573850959187,0.281754072342687
"H2A1B-K13[un];K15[un]",0.505044224381405,-0.523138480413356,0.00608414502604422,-0.00814237127627154,0.251695116368751,-0.251482288047226,-0.994440353602147,1,-0.23007307701463,0.415082506342347,0.3174726049075,0.0253680964653304,-0.320979667953327,-0.324244270883427,0.110602482233769,0.676978287113778,0.334878629823581,-0.343324682930839,-0.454057435434529,0.112585605585019,-0.0298824674160801,0.0452950219518272,0.0599762523747513,-0.0861290162842541,0.151955105853385,-0.126304464288974,0.111162731512016,-0.0136859717074957,-0.0297673859036653,0.305443512900706,0.243859067544733,-0.258722553395275,-0.0495155205079353,-0.353734570765913,-0.193244190215579,0.219503941465223,0.214814178134764,0.280668549898617,0.124688042564402,0.367665636303944,0.344352343725615,-0.265340178042091,-0.13910609406845,0.358297369685382,0.119859644575778,0.15043236215918,0.332994243187803,0.465577728895814,0.444578455921753,0.326235627092696,-0.128906509194073,0.367507647939584,0.338124925954109,0.0438850577888655,-0.3159891312816
"H2AJ-K5[ac];K9[ac]",-0.143856914363397,0.128422390632172,-0.190954770731866,0.135858091253527,-0.0211944604680919,0.0141406296861226,0.235023552789092,-0.23007307701463,1,-0.783543996837078,0.123052718118694,-0.882337213594768,-0.125789450277291,0.15571220716943,0.425465036516714,0.108264387028038,-0.129174852381323,-0.371809374887539,0.226287902331828,-0.116212526125365,-0.219060151310697,0.158126530982885,-0.385222368112965,-0.210920201931644,0.452860136906509,-0.17079722998324,0.164143000524528,-0.371621476796543,0.42109307142841,-0.625363511070828,0.265588252614457,0.00299255944568065,-0.186324254474954,-0.206591409003094,-0.264241437875266,-0.120169783885724,0.523395812962873,-0.487104100491991,0.502509764517558,-0.389943126830226,-0.231423978370525,0.376662216153224,-0.28647539906741,-0.447586626613393,0.150599677924363,0.0130638791055919,0.181561031351467,-0.0696539289408098,-0.522275284847405,0.0995767216072398,0.12574228725092,0.07085792515915,0.301410336384291,-0.0241131404785252,0.0236714621672028
"H2AJ-K5[ac];K9[hib]",0.0874560464514247,-0.080299595447593,0.162556133841757,-0.143417583734715,0.182726310752984,-0.17713304506064,-0.427476745749293,0.415082506342347,-0.783543996837078,1,0.226427395480185,0.399314005366197,-0.22741566331688,-0.510585880250934,-0.279440763479008,0.223024537026598,0.113241874129627,0.174158490565907,-0.299153059115617,-0.0156555264304863,0.283754628541117,-0.0546012142393842,0.196598939665671,0.0344156123773603,-0.0400196691945415,-0.143484385688549,0.130541608217382,0.205441480792383,-0.282552250162749,0.571355586428176,-0.0045504091830291,0.0815970013933703,-0.0875357643607758,-0.227955797202487,-0.0559479133820144,0.0430512136165413,-0.0552341767898051,0.477557522477735,-0.0644457354163019,0.57574816171967,0.347681349208879,-0.320205124165831,0.163810983416984,0.604712223142837,0.0364198135611007,0.18145641352938,0.0692622115240572,0.158159256424864,0.648173566847126,-0.0329269006064195,-0.150545384863166,0.0239814508332237,-0.128743739378535,-0.0896075361001905,-0.0805498370446043
"H2AJ-K5[ac];T6[ac];K9[un]",0.144934441676621,-0.146528905984167,-0.210810223088024,0.159471701110004,-0.0726260256829611,0.0765886772348736,-0.331456081095627,0.3174726049075,0.123052718118694,0.226427395480185,1,-0.360243964591639,-0.999731626288313,-0.572827551820376,-0.212026702081059,0.308458033958463,-0.230089566038765,0.109178198653484,-0.336282875586048,-0.0559114001542049,0.0987757013563327,0.359854696729081,-0.232231877564036,-0.580695577972981,0.5868531683848,-0.396503664767287,0.385502523557413,-0.0035545963236926,0.0047161975220714,0.150912550899519,0.187819801696644,0.163506113245449,-0.585041364521476,-0.608232919863531,-0.311322596486828,0.0315825735221405,0.564936833313989,0.205198703536994,0.568608792540244,0.345263956381949,-0.0700252632328063,-0.039356017998116,-0.0728122636609448,0.309500730832835,0.0559899728496341,0.045978171659055,0.0928994468491075,0.220478063224244,0.3300336937744,0.0518054059315641,-0.370513537462472,-0.0578563391572007,0.150838310811478,-0.278277895923943,0.126572941351935
"H2AJ-K5[un];K9[un]",0.146583443887431,-0.129274522055407,0.155721197548239,-0.0861187681995546,-0.110688385946034,0.116944424020191,-0.0231689922964325,0.0253680964653304,-0.882337213594768,0.399314005366197,-0.360243964591639,1,0.364798789795482,0.159375617303144,-0.412981702832174,-0.329609549027994,0.106721455259435,0.414426589458843,-0.106371956086694,0.185747758213567,0.105914232318086,-0.191505919865083,0.415764626814878,0.28771096373676,-0.640186748540711,0.365850973708645,-0.346486708190944,0.387216349637315,-0.402508571521251,0.483744076356316,-0.382210562036963,-0.0668649081449733,0.342100760757773,0.482444013614795,0.425353703394816,0.147317654181601,-0.729990306335065,0.349997917537645,-0.693379833542012,0.138899512621111,0.0838489100446925,-0.318796418160938,0.301863315147059,0.194593569338789,-0.253359642073372,-0.163391803652907,-0.317402804252109,-0.0222421758027211,0.281404221946525,-0.134555243552931,-0.0697704758963512,-0.128490639930379,-0.341589484341648,0.0958947395591078,0.0348741629748177
"H2AX-K5[un];K9[un]",-0.141325902900021,0.14305972340626,0.200668284695614,-0.150467281624329,0.0700855481098028,-0.0740928180597121,0.335047768677412,-0.320979667953327,-0.125789450277291,-0.22741566331688,-0.999731626288313,0.364798789795482,1,0.578917087449568,0.2124284299957,-0.307312270256726,0.228021482006434,-0.110323284223066,0.343047446573128,0.0518605695539678,-0.0961179728460433,-0.36069259471597,0.231690876139085,0.586707934108957,-0.589337955977,0.40402142230149,-0.39278086954526,0.010851289439253,-0.0123295618926201,-0.145212879106837,-0.184914316832109,-0.160316219371175,0.588301973924765,0.603467425426481,0.314818014633527,-0.035813197770669,-0.567143646417465,-0.198701740820875,-0.570611443824016,-0.339499452650088,0.0675435268427821,0.0382303502026987,0.0759965394771257,-0.303651031779853,-0.0591603664979681,-0.0486041871740011,-0.0965225154808016,-0.21632070630397,-0.332857276570665,-0.0462676483971737,0.374337856215221,0.061227153273354,-0.155363223565373,0.280525682279869,-0.129537881019292
"H31-K18[ac];K23[ac]",-0.13970005506142,0.144830968152431,-0.022833245814832,0.0535287683416713,0.130557411003392,-0.131890196746818,0.320905879020948,-0.324244270883427,0.15571220716943,-0.510585880250934,-0.572827551820376,0.159375617303144,0.578917087449568,1,0.235915959694446,-0.226827426925177,0.263511125831282,-0.211447777065037,0.357884022996345,0.172654173740943,-0.186234277969174,-0.205473904066863,-0.051678766480803,0.289834904959895,-0.422680866437687,0.472974840186083,-0.462399466203804,0.0991971906805863,-0.118272509086636,-0.366306019514248,0.146095447786606,-0.224859631931456,0.507746180680284,0.302226726127604,0.241264826346717,0.123308869025882,-0.361079914618002,-0.029697399574261,-0.496242479071735,-0.515426565189655,0.083200121310276,0.0279451271016806,0.101156895715772,-0.489024324122329,-0.0745309808665035,-0.0173868476722123,-0.154356966579554,-0.0381708835450237,-0.368268329067285,0.0419033944947638,0.347393246249648,0.00377187490957095,-0.141664732634556,0.0583728220462282,0.0515376520472301
"H31-K18[ac];K23[un]",-0.168858896568007,0.129462720860853,-0.322653466314952,0.293514695254505,0.102785211663147,-0.109144726213656,-0.0924609593860068,0.110602482233769,0.425465036516714,-0.279440763479008,-0.212026702081059,-0.412981702832174,0.2124284299957,0.235915959694446,1,0.352299904528439,0.102006827596907,-0.923754804271895,0.00624511435534948,0.142061602535458,-0.488118898601093,-0.122352424327514,-0.179498497651828,0.26500299344605,0.0943757207415728,-0.170206977565961,0.159438925694257,-0.134510675201803,0.115378192266456,-0.50675931970575,0.339653191388396,-0.1854601995613,0.0114980095649645,-0.242184426334297,-0.154345919654645,0.0997488505661556,0.309659301260864,-0.249849416453148,0.309139702140667,-0.317290484062435,0.426303529140937,0.123282975694299,0.0266086483167157,-0.4209427592625,-0.0278652563675918,-0.0982879413985689,0.422728000035463,-0.230758196601892,-0.176525195016162,-0.100665936404473,-0.00889616270356501,0.0246485718466855,0.10046073847816,-0.166395008213352,0.166297304320546
"H31-K18[un];K23[ac]",0.23225933758324,-0.232159883148213,-0.279275588541743,0.228301845042303,0.205528255697275,-0.209968877182796,-0.685306887056309,0.676978287113778,0.108264387028038,0.223024537026598,0.308458033958463,-0.329609549027994,-0.307312270256726,-0.226827426925177,0.352299904528439,1,0.351352030743638,-0.65920897039016,-0.215574855580414,0.0289966839107135,-0.0523753609163517,-0.067833419586439,-0.309390210543483,0.0455085849660583,0.376936746511528,-0.28194459238733,0.267761212708817,-0.0811301228731367,0.0669690486083604,-0.0510732524820459,0.345581790547136,-0.285006095194025,-0.0636255837996154,-0.641701144468673,-0.317480662737144,0.155148448423803,0.513347454401872,0.186850052015448,0.442986870861721,0.317751468811323,0.26055243219909,0.0615838527167189,-0.261131455542755,0.324572109336102,0.351501041925062,0.177158404666693,0.263090460344457,0.242641759576866,0.0530201671293577,0.316049970147326,-0.0281277133775491,0.349255322887894,0.368992629683311,-0.132868084282678,-0.193303542789113
"H31-K18[un];K23[su]",0.0441947111502641,-0.0887640087139976,0.0730807824984554,-0.133592896677131,0.705456957361231,-0.703792045324727,-0.324976752291775,0.334878629823581,-0.129174852381323,0.113241874129627,-0.230089566038765,0.106721455259435,0.228021482006434,0.263511125831282,0.102006827596907,0.351352030743638,1,-0.289553141533574,-0.153464093886201,0.310379598898099,-0.0711820999619124,-0.14012981626891,-0.0258246567099997,0.262216350935992,-0.392118425423411,-0.0499391829300308,0.0626187447097125,0.0145801669147366,-0.047917320358927,0.0243682938813348,-0.0522599756202523,-0.325741739387061,0.488828691792425,-0.0372795238187414,-0.0538034111916851,0.212472427717294,-0.0821997589671362,0.137019792640664,-0.247233654033637,0.166399463022556,0.306291500514267,-0.0889833098648462,-0.101967797824467,0.0404432791097254,0.0922284512838944,0.328980900622144,-0.129616986831715,0.075133422529993,-0.148313497228616,0.167243854185051,-0.162081999889089,0.0838868066656916,0.00310585161777642,0.229988564457071,-0.223558457335554
"H31-K18[un];K23[un]",0.0513037009667472,-0.0209221605500844,0.353643625370065,-0.311115108429822,-0.206397133520474,0.21294735397687,0.331200660046201,-0.343324682930839,-0.371809374887539,0.174158490565907,0.109178198653484,0.414426589458843,-0.110323284223066,-0.211447777065037,-0.923754804271895,-0.65920897039016,-0.289553141533574,1,0.0572451240317937,-0.177478803537961,0.43605927906053,0.169047663331509,0.25378617964856,-0.236171061120367,-0.16157909507492,0.183200494298122,-0.171000215885198,0.144741792079989,-0.118847602822387,0.439258055855549,-0.399717705666677,0.310118773247455,-0.0435349890222921,0.406818667922482,0.220888184752568,-0.203767001640522,-0.399858898500638,0.1129832960404,-0.346565557000714,0.163547278472999,-0.456193800799248,-0.1112078286192,0.0670876911357718,0.236136889039484,-0.117282787202252,0.00669545831318754,-0.419036024757082,0.0881704105912061,0.152704865913957,-0.0566040748815248,-0.022763099436113,-0.152611569028343,-0.205664522051816,0.163808361073683,-0.0458943205023985
"H31-K27[hib];K36[un];K37[un]",-0.0142387456468385,0.0492179777718931,-0.0117474801924151,-0.0400680051181118,-0.0922515230065203,0.0882540772326376,0.447348341066886,-0.454057435434529,0.226287902331828,-0.299153059115617,-0.336282875586048,-0.106371956086694,0.343047446573128,0.357884022996345,0.00624511435534948,-0.215574855580414,-0.153464093886201,0.0572451240317937,1,-0.659784830179024,0.280115818815164,0.183150437576358,-0.233387966243109,0.43490443254014,-0.117493884790778,0.435116475225699,-0.447947195240281,-0.0838433785011862,0.115410940399704,-0.0732864029093478,0.295925718677728,0.48245567896118,0.140706076994398,-0.0147597920541804,-0.256510648482195,-0.16952083094318,-0.0815990706902103,-0.106906258662385,-0.0864948098110418,0.0160421109077311,-0.179116859979788,0.321651177814239,0.313836118572688,0.0330310112854606,-0.110372605471085,0.0445325428660237,-0.0567937374810555,0.12794766192009,-0.208885105326514,0.188485526369119,0.161027275346497,0.18497406304198,-0.0997536076646581,0.0559521319823325,-0.101297069874944
"H31-K27[me];K36[me2];K37[un]",-0.284527292883582,0.252272244784844,-0.129952621307879,0.200630732229131,0.250328532987856,-0.247813833103676,-0.106076194521403,0.112585605585019,-0.116212526125365,-0.0156555264304863,-0.0559114001542049,0.185747758213567,0.0518605695539678,0.172654173740943,0.142061602535458,0.0289966839107135,0.310379598898099,-0.177478803537961,-0.659784830179024,1,-0.525164397597935,-0.612555034988112,0.223108850422705,-0.40327271369836,-0.187309029769922,-0.228040063445401,0.249410128298216,-0.172629627753607,0.115802350351295,0.0030013857079001,-0.287612424261921,-0.742143744344316,0.0501808308144034,0.149751656577086,0.483538262072517,0.304279151432572,-0.0392894033356323,0.00858339445389237,-0.0679646525971495,-0.182322099796716,0.424620596945303,-0.342995402592772,-0.0647779492502533,-0.314040234011297,0.0133348040293594,-0.288400337491308,0.0189115299480804,-0.474326350544809,0.0623947178365578,-0.420033667717763,-0.075328645442937,-0.511671944897086,0.0543650307569994,-0.190322961204073,0.354542491516978
"H31-K27[me2];K36[me];K37[un]",0.28214449617077,-0.260460869708024,0.323399505381146,-0.330826342748154,-0.0701350317759362,0.0711811401514867,0.0211164760146043,-0.0298824674160801,-0.219060151310697,0.283754628541117,0.0987757013563327,0.105914232318086,-0.0961179728460433,-0.186234277969174,-0.488118898601093,-0.0523753609163517,-0.0711820999619124,0.43605927906053,0.280115818815164,-0.525164397597935,1,0.341962103539821,-0.150205383866874,0.0409558359314115,-0.120442306344866,0.219714750921034,-0.219350193804041,0.484416525137294,-0.442871955255406,0.357616007526166,-0.12075594266072,0.273706671696532,0.319847384590177,0.0723613492052906,-0.11478927931945,-0.504255620952673,-0.22845908808135,0.198840890777464,-0.162063934204018,0.544591157813863,0.0133719663180329,0.123713414376277,-0.387705359290174,0.591440734019168,-0.0529066600542583,0.45486222509228,-0.33981731512834,0.332055484234468,0.110037711245362,0.376801275220531,-0.142710693151303,0.43990951934618,-0.25529243316299,0.238095388230834,-0.356502246323177
"H31-K27[me2];K36[un];K37[un]",0.469887003585657,-0.500913262553499,-0.059259263420332,0.0228375685823915,-0.186923757747861,0.192463056807634,-0.014299201290411,0.0452950219518272,0.158126530982885,-0.0546012142393842,0.359854696729081,-0.191505919865083,-0.36069259471597,-0.205473904066863,-0.122352424327514,-0.067833419586439,-0.14012981626891,0.169047663331509,0.183150437576358,-0.612555034988112,0.341962103539821,1,-0.409646126906863,0.0564631595024616,0.110400454920523,0.0679815123924902,-0.0823782596180566,0.208339442596094,-0.133993424141002,-0.163991687439394,0.223730143631694,0.470609441913427,0.00807956628639127,-0.198518489139414,-0.596087179040294,-0.157905091006337,0.255582443776816,-0.0923615362558887,0.143540531746436,0.110543542382087,-0.261869340790328,0.251085717991398,-0.125350053291786,0.0980897616970587,0.0127238202369853,0.266596468464111,0.0916671845259835,0.352018638720977,-0.0224083817525412,0.198142413185281,-0.270578483569213,0.353542381293807,-0.0309143718403465,0.144009046743153,-0.207113710172651
"H31-K27[me3];K36[un];K37[un]",-0.142734029275518,0.119027620896662,0.376157919592312,-0.345203646393463,-0.0680472565482124,0.068697535229584,-0.0424462637555258,0.0599762523747513,-0.385222368112965,0.196598939665671,-0.232231877564036,0.415764626814878,0.231690876139085,-0.051678766480803,-0.179498497651828,-0.309390210543483,-0.0258246567099997,0.25378617964856,-0.233387966243109,0.223108850422705,-0.150205383866874,-0.409646126906863,1,-0.0763133765386707,-0.465190421998472,0.249019421905996,-0.241792464016124,0.0227439787574384,-0.0907129061275713,0.200720301531378,-0.0605171903958121,0.117256939449029,-0.003795053831928,0.454764877596045,0.422509956773937,0.129173976732117,-0.638196541953193,0.207552360825259,-0.552717466292804,-0.0210264570846815,-0.12904637665843,-0.552287837644774,0.108887226141351,0.00707767261587664,-0.391905565311143,-5.97512145138163e-05,-0.160623683495057,0.060958713961979,0.0667209679801963,0.0622109746798297,0.0520752680436199,-0.14560308937183,-0.371416090729323,0.327473672907658,-0.0864579484522981
"H31-K27[un];K36[me2];K37[un]",0.104208970797771,-0.0940879555476203,0.048101268821626,-0.0738881681488455,0.0153508165735448,-0.0184243573457678,0.0818703764427646,-0.0861290162842541,-0.210920201931644,0.0344156123773603,-0.580695577972981,0.28771096373676,0.586707934108957,0.289834904959895,0.26500299344605,0.0455085849660583,0.262216350935992,-0.236171061120367,0.43490443254014,-0.40327271369836,0.0409558359314115,0.0564631595024616,-0.0763133765386707,1,-0.414146369051799,0.103384667533086,-0.102386445877697,0.355599297829383,-0.338293171271634,0.0314516810530586,0.0298417568591877,0.280321844830318,0.3382769527846,0.0875451880023266,-0.112238787063785,-0.0364188272135248,-0.333089678815754,0.0988747028659991,-0.264979643857208,-0.0290415394209098,0.0197531095101653,0.257911442153576,0.23437667623989,0.00384176565372743,-0.0565030099150927,0.101122483585111,-0.150283561275859,0.118397844935878,-0.173067713529374,0.172714501172209,0.0835266166583787,0.338994603945612,-0.16780388905306,0.24970280697635,-0.250002699639694
"H31-K27[un];K36[un];K37[un]",-0.0526060148132857,0.096874187929424,-0.265005270145317,0.213276699785156,-0.0998041484122923,0.095605911967301,-0.186089146203252,0.151955105853385,0.452860136906509,-0.0400196691945415,0.5868531683848,-0.640186748540711,-0.589337955977,-0.422680866437687,0.0943757207415728,0.376936746511528,-0.392118425423411,-0.16157909507492,-0.117493884790778,-0.187309029769922,-0.120442306344866,0.110400454920523,-0.465190421998472,-0.414146369051799,1,-0.368974099751813,0.349216788421095,-0.372676912318134,0.38763275253894,-0.166640557538976,0.16929873844749,0.0175411948329644,-0.607520198637988,-0.513802112547081,-0.268031443202318,-0.0225000063695242,0.758530503101496,-0.20267532171712,0.742868645921708,-0.0518497686484549,-0.232722181627681,0.257323392395746,-0.044558958543331,0.0609803736509311,0.356480744940262,-0.121555777717604,0.361140165384218,0.0743201418463622,0.112053689133828,-0.0281764463212782,0.185056809531062,0.0059802431361084,0.536556919853976,-0.40606609679258,0.127127261385007
"H31-K4[me]",0.251518990347822,-0.235987155091278,0.0729754103247436,-0.0527625693366367,-0.271683078849736,0.273103304358704,0.154437512991257,-0.126304464288974,-0.17079722998324,-0.143484385688549,-0.396503664767287,0.365850973708645,0.40402142230149,0.472974840186083,-0.170206977565961,-0.28194459238733,-0.0499391829300308,0.183200494298122,0.435116475225699,-0.228040063445401,0.219714750921034,0.0679815123924902,0.249019421905996,0.103384667533086,-0.368974099751813,1,-0.998754599858845,0.00980303244769644,-0.0211721346864747,-0.0835808767162266,0.187572597975051,0.190271519442441,0.435827424474031,0.503505814536743,0.0412666869982176,0.0769728632193319,-0.506135428957288,-0.184164882352268,-0.610126594308786,-0.024799004800196,-0.209029609429926,-0.161908270828671,0.233106094512494,-0.0952939337149092,-0.381132506798037,-0.0755688623726342,-0.0233332584538733,0.216261752975387,-0.0998110010992937,0.183485774195488,0.307693071819827,0.206371769880137,-0.189517512699045,0.218127723725362,-0.148060121252004
"H31-K4[un]",-0.249337034916991,0.23390550321419,-0.0663258502892596,0.0470457574997469,0.27204551835579,-0.273422930613547,-0.138531916946849,0.111162731512016,0.164143000524528,0.130541608217382,0.385502523557413,-0.346486708190944,-0.39278086954526,-0.462399466203804,0.159438925694257,0.267761212708817,0.0626187447097125,-0.171000215885198,-0.447947195240281,0.249410128298216,-0.219350193804041,-0.0823782596180566,-0.241792464016124,-0.102386445877697,0.349216788421095,-0.998754599858845,1,0.00331833102181151,0.0108526200903962,0.0867579686449621,-0.223755440927486,-0.204761850500898,-0.418196767528823,-0.477283330617934,-0.0180022012635494,-0.0802935532625758,0.483870803858215,0.178839575199041,0.595935540372518,0.0186572144192967,0.201404761775736,0.162933531003616,-0.239096096253338,0.0855473846092872,0.378340135284747,0.0711648169252969,-0.00369913775680659,-0.233984088772801,0.0771611198213644,-0.184407185829524,-0.315620772018955,-0.217175324198363,0.177693103791894,-0.206739648789525,0.150156848318486
"H31-K79[me]",0.148766807451879,-0.150494980519428,0.231714891734994,-0.228508427192204,-0.155900619434221,0.159061606713592,0.013705685338969,-0.0136859717074957,-0.371621476796543,0.205441480792383,-0.0035545963236926,0.387216349637315,0.010851289439253,0.0991971906805863,-0.134510675201803,-0.0811301228731367,0.0145801669147366,0.144741792079989,-0.0838433785011862,-0.172629627753607,0.484416525137294,0.208339442596094,0.0227439787574384,0.355599297829383,-0.372676912318134,0.00980303244769644,0.00331833102181151,1,-0.985979716183328,0.202705125190169,-0.180645914004389,0.157547509158376,0.25782633328718,0.0798370898673079,0.10611260393588,-0.128126863981829,-0.458620042216543,0.560630661241422,-0.392925043539866,0.210342136134934,0.126891376402426,0.072768514914751,-0.272816423893182,0.317934387633651,-0.188911645716481,0.248400330314299,-0.610289297704418,0.372898265464521,0.03925228173348,0.24785624528566,-0.219116872732595,0.326330721820106,-0.553255784716354,0.210306295171262,-0.163674223137216
"H31-K79[un]",-0.100768840845618,0.106782983935986,-0.22649819340449,0.221289226267878,0.110785496395548,-0.114308696496356,0.0309142328730537,-0.0297673859036653,0.42109307142841,-0.282552250162749,0.0047161975220714,-0.402508571521251,-0.0123295618926201,-0.118272509086636,0.115378192266456,0.0669690486083604,-0.047917320358927,-0.118847602822387,0.115410940399704,0.115802350351295,-0.442871955255406,-0.133993424141002,-0.0907129061275713,-0.338293171271634,0.38763275253894,-0.0211721346864747,0.0108526200903962,-0.985979716183328,1,-0.238297224026009,0.11258217869716,-0.15324058427658,-0.226609626556251,-0.0495831734623758,-0.119975023775593,0.0801620035333564,0.471555755043467,-0.623750461937533,0.421668987487617,-0.240269116341651,-0.195581771889141,0.0160728518831267,0.234429746931181,-0.335114371250426,0.231942459441767,-0.255711510310667,0.590116199100469,-0.398234787511135,-0.103800288776539,-0.221064233077165,0.193058603411876,-0.292092485424272,0.578197823336157,-0.196164690939856,0.147717236979619
"H31-K9[ac];K14[ac]",0.190211316365249,-0.174963993233621,0.0755999008255117,-0.0807169734674471,0.171936638120876,-0.169808332810108,-0.327763810260226,0.305443512900706,-0.625363511070828,0.571355586428176,0.150912550899519,0.483744076356316,-0.145212879106837,-0.366306019514248,-0.50675931970575,-0.0510732524820459,0.0243682938813348,0.439258055855549,-0.0732864029093478,0.0030013857079001,0.357616007526166,-0.163991687439394,0.200720301531378,0.0314516810530586,-0.166640557538976,-0.0835808767162266,0.0867579686449621,0.202705125190169,-0.238297224026009,1,-0.296319743246964,0.0089498817522627,-0.0420712425293483,-0.0852757953898364,0.249339239266631,-0.14923491921544,-0.194739269989494,0.445770591629476,-0.0988787300187436,0.658534592615602,0.230996182067465,-0.200034973255872,0.133371563369911,0.676416042804961,-0.103415520702717,-0.0348300181157654,-0.0828512185867857,0.203431013389932,0.625878020187841,0.090703116749017,-0.143750317341016,0.0779602204812825,-0.0357206987001251,0.135237576622488,-0.249779963977276
"H31-K9[me];K14[ac]",0.0631036978004565,-0.0839867989653407,-0.330988752559261,0.345525770631758,0.00372221811319813,-0.00451135818780851,-0.250277692816332,0.243859067544733,0.265588252614457,-0.0045504091830291,0.187819801696644,-0.382210562036963,-0.184914316832109,0.146095447786606,0.339653191388396,0.345581790547136,-0.0522599756202523,-0.399717705666677,0.295925718677728,-0.287612424261921,-0.12075594266072,0.223730143631694,-0.0605171903958121,0.0298417568591877,0.16929873844749,0.187572597975051,-0.223755440927486,-0.180645914004389,0.11258217869716,-0.296319743246964,1,0.240187952001861,-0.153998851585394,-0.518045576924033,-0.392148572675909,-0.0161673676554946,0.330657973762148,0.206532692151464,0.127817352631405,0.0541319865943677,0.103270775234987,-0.306354870303924,0.123239267740661,-0.0571433810963848,-0.0665079149089142,0.0371743456408165,0.272869554229262,0.39637255079176,0.115770508225521,0.0765794689167374,0.116514667871012,0.0771851428889536,0.210528974142991,-0.282225995476938,0.117302318642615
"H31-K9[me];K14[un]",0.0263635578677912,-0.0228807050850237,0.126613428188783,-0.218456683016881,-0.423544012151468,0.425276125072364,0.268793062950082,-0.258722553395275,0.00299255944568065,0.0815970013933703,0.163506113245449,-0.0668649081449733,-0.160316219371175,-0.224859631931456,-0.1854601995613,-0.285006095194025,-0.325741739387061,0.310118773247455,0.48245567896118,-0.742143744344316,0.273706671696532,0.470609441913427,0.117256939449029,0.280321844830318,0.0175411948329644,0.190271519442441,-0.204761850500898,0.157547509158376,-0.15324058427658,0.0089498817522627,0.240187952001861,1,-0.381845014855762,-0.0216667514107198,-0.503182231260975,0.0245825828330857,-0.149099383880242,0.00430106082704041,0.0175627700875041,0.200994800981649,-0.44057146734014,0.139785774454663,0.28140206885365,0.197632450993278,-0.475731273349954,0.229051441160968,-0.172388197515335,0.277935478126343,-0.0639791893086208,0.1146560045897,-0.191085463724465,0.124519132895216,-0.438869476549116,0.225658861452054,-0.0911773106041713
"H31-K9[me2];K14[ac]",0.192993384606388,-0.21462775196054,0.187454068241097,-0.149161374649676,0.308077613210403,-0.308571574401966,0.0656988472332445,-0.0495155205079353,-0.186324254474954,-0.0875357643607758,-0.585041364521476,0.342100760757773,0.588301973924765,0.507746180680284,0.0114980095649645,-0.0636255837996154,0.488828691792425,-0.0435349890222921,0.140706076994398,0.0501808308144034,0.319847384590177,0.00807956628639127,-0.003795053831928,0.3382769527846,-0.607520198637988,0.435827424474031,-0.418196767528823,0.25782633328718,-0.226609626556251,-0.0420712425293483,-0.153998851585394,-0.381845014855762,1,0.431314531972926,0.358331335472981,-0.34775776169571,-0.446879549217395,-0.0623881699396682,-0.623395894172541,-0.0912973570734722,0.159162316956984,0.0410328287033806,-0.23293293983471,-0.120322764523773,0.0958707524978648,0.248526347694807,-0.164606128725767,0.0642922199780822,-0.204955821770228,0.293256384230694,0.0930985790424234,0.325041421350932,-0.0640453369964118,0.322653129031958,-0.320479152456105
"H31-K9[me2];K14[un]",-0.0373691666043225,0.0470378240891627,0.489646434285364,-0.424811503397922,-0.28040455275202,0.281210611922044,0.375068654082351,-0.353734570765913,-0.206591409003094,-0.227955797202487,-0.608232919863531,0.482444013614795,0.603467425426481,0.302226726127604,-0.242184426334297,-0.641701144468673,-0.0372795238187414,0.406818667922482,-0.0147597920541804,0.149751656577086,0.0723613492052906,-0.198518489139414,0.454764877596045,0.0875451880023266,-0.513802112547081,0.503505814536743,-0.477283330617934,0.0798370898673079,-0.0495831734623758,-0.0852757953898364,-0.518045576924033,-0.0216667514107198,0.431314531972926,1,0.446177049485954,-0.0108491640243932,-0.781865052626814,-0.410067537348253,-0.665414382415404,-0.384496665577162,-0.257165403574049,-0.00160906631401005,0.0313137687013234,-0.401746162555581,-0.338900728914266,-0.0518070865359118,-0.275810854289753,-0.220287143902377,-0.243204879801358,-0.0700515252810267,0.116078280110819,-0.0463370978095885,-0.289124773051183,0.372792439085774,-0.0549378094854867
"H31-K9[me3];K14[ac]",-0.346592768750134,0.355475069756431,0.0880186580108704,-0.0282668633840609,0.064820125803415,-0.0675563220452036,0.162698127296259,-0.193244190215579,-0.264241437875266,-0.0559479133820144,-0.311322596486828,0.425353703394816,0.314818014633527,0.241264826346717,-0.154345919654645,-0.317480662737144,-0.0538034111916851,0.220888184752568,-0.256510648482195,0.483538262072517,-0.11478927931945,-0.596087179040294,0.422509956773937,-0.112238787063785,-0.268031443202318,0.0412666869982176,-0.0180022012635494,0.10611260393588,-0.119975023775593,0.249339239266631,-0.392148572675909,-0.503182231260975,0.358331335472981,0.446177049485954,1,-0.301411676806393,-0.478393149999876,0.127541650545374,-0.485826746264522,-0.277676439043657,0.00504914993613945,-0.177204011249847,-0.0439248567682025,-0.170045671172865,-0.0435872972127523,-0.214440928316453,-0.276557816531434,-0.143544381433273,0.112687241244467,-0.106504821174788,0.13710124108301,-0.248095326129404,-0.00414103649897103,-0.0138666495205726,0.130252040966849
"H31-K9[me3];K14[un]",-0.065534427551912,0.0692334859549737,0.0523371894083854,-0.11263712915227,-0.0726340795140071,0.0766419712855602,-0.192549967757281,0.219503941465223,-0.120169783885724,0.0430512136165413,0.0315825735221405,0.147317654181601,-0.035813197770669,0.123308869025882,0.0997488505661556,0.155148448423803,0.212472427717294,-0.203767001640522,-0.16952083094318,0.304279151432572,-0.504255620952673,-0.157905091006337,0.129173976732117,-0.0364188272135248,-0.0225000063695242,0.0769728632193319,-0.0802935532625758,-0.128126863981829,0.0801620035333564,-0.14923491921544,-0.0161673676554946,0.0245825828330857,-0.34775776169571,-0.0108491640243932,-0.301411676806393,1,-0.0246854819587671,0.0132335583704024,-0.0386534075447813,-0.113646442360932,0.0465144020868082,0.0520010502504739,0.331428049530439,-0.0718021862917814,-0.165076484116466,-0.108099955028661,0.129569136333638,-0.020560104334888,0.0181446507860175,-0.0893931751742988,-0.010284687175686,-0.0731099812979074,-0.220897716483786,0.0409132842389702,0.0483653334502736
"H31-K9[un];K14[ac]",0.0394177789921632,-0.0448563908349804,-0.506210177491297,0.468793182984596,0.213483736876739,-0.215151843958875,-0.224486388874749,0.214814178134764,0.523395812962873,-0.0552341767898051,0.564936833313989,-0.729990306335065,-0.567143646417465,-0.361079914618002,0.309659301260864,0.513347454401872,-0.0821997589671362,-0.399858898500638,-0.0815990706902103,-0.0392894033356323,-0.22845908808135,0.255582443776816,-0.638196541953193,-0.333089678815754,0.758530503101496,-0.506135428957288,0.483870803858215,-0.458620042216543,0.471555755043467,-0.194739269989494,0.330657973762148,-0.149099383880242,-0.446879549217395,-0.781865052626814,-0.478393149999876,-0.0246854819587671,1,-0.161666072279544,0.874599087576738,0.0948336838987243,0.108275445401664,0.164907748587966,-0.0739451827233066,0.0333878092541186,0.489898657923044,-0.132710927694773,0.542315449620511,-0.0904037240274366,0.0839414611876369,-0.115342651503553,0.0204345564195191,-0.051560746779447,0.59302373259271,-0.43232720836683,0.139195844236222
